      558.1 733.4

0:12.34 19.2 577964 358480 2772 16.7 550.1 733.4

0:00.03 0.2 223676 4400 3000 5.6 541.3 733.4

0:07.38 11.5 434480 214956 2876 10.5 534.4 733.4

      503.4 733.4

0:12.67 19.7 587336 367720 2772 16.7 496.7 733.4

0:00.35 0.7 232784 13376 3000 15.0 488.0 733.4

0:07.71 12.0 443984 224460 2876 13.6 481.3 733.4

      449.8 733.4

0:12.98 20.1 596444 376960 2772 10.0 443.7 733.4

0:00.66 1.2 241628 22352 3000 10.5 434.6 733.4

0:08.03 12.5 453224 233700 2876 12.5 425.6 733.4

      393.9 733.4

0:13.31 20.6 605552 385936 2772 16.7 390.7 733.4

0:00.98 1.7 250736 31328 3000 11.1 382.1 733.4

0:08.35 13.0 462464 242940 2876 15.8 372.5 733.4

      340.8 733.4

0:13.63 21.1 614924 395440 2772 16.7 337.6 733.4

0:01.30 2.2 259844 40568 3000 10.5 327.5 733.4

0:08.67 13.5 471572 251916 2876 15.8 320.8 733.4

      290.5 733.4

0:13.93 21.6 623768 404152 2772 11.8 285.8 733.4

0:01.63 2.6 268952 49544 3000 11.8 274.2 733.4

0:08.98 13.9 480152 260628 2876 15.8 269.1 733.4

      238.9 733.4

0:14.25 22.1 632876 413392 2772 15.0 232.1 733.4

0:01.95 3.1 277664 58256 3000 13.6 221.8 733.4

0:09.30 14.4 488732 269340 2876 15.8 216.1 733.4

      189.2 733.6

0:14.59 22.6 642380 422896 2772 10.7 168.0 734.0

0:02.25 3.6 286508 67232 3000 10.5 158.1 734.3

0:09.61 14.8 497312 277788 2876 9.5 150.5 734.3

      127.9 734.3

0:14.90 23.1 651092 431608 2772 10.5 112.6 734.3

0:02.58 4.1 295484 76208 3000 13.6 101.8 734.3

0:09.93 15.3 506288 286764 2876 17.6 97.4 734.3

      77.5 734.3

0:15.22 23.5 660200 440584 2772 11.8 60.1 733.3

0:02.89 4.5 304460 84916 3000 15.0 75.1 731.0

0:10.27 15.8 516056 296524 2868 12.5 65.2 723.5

      70.8 698.0

0:15.57 22.6 670232 422112 2404 11.8 59.8 680.7

0:03.21 5.0 313436 93656 2500 11.8 61.1 680.7

0:10.62 16.4 526220 306508 2556 10.5 64.8 667.2

      68.3 634.2

0:15.89 21.4 679472 400220 2404 11.8 74.2 634.2

0:03.52 5.5 322412 102632 2500 11.1 75.7 634.2

0:10.92 16.8 534932 314956 2556 11.1 68.1 612.2

      75.5 592.2

0:16.21 20.6 688580 385672 2404 12.5 64.1 578.5

0:03.85 6.0 331784 111872 2500 12.5 77.9 578.5

0:11.26 17.3 544304 324460 2556 10.5 81.7 562.3

      75.2 528.5

0:16.52 19.6 697688 367380 2404 11.8 75.6 528.5

0:04.16 6.5 340628 120848 2500 10.5 77.1 528.5

0:11.56 17.8 553148 333172 2556 18.8 83.0 507.5

      78.9 486.5

0:16.84 18.7 706796 350008 2404 13.3 67.2 473.5

0:04.48 6.9 349472 129560 2500 11.8 79.4 473.5

0:11.86 18.3 561464 341620 2556 11.8 64.4 449.3

      63.8 424.1

0:17.15 18.1 715508 338088 2404 11.1 76.2 424.1

0:04.79 7.4 358448 138536 2500 12.5 71.8 424.1

0:12.18 18.2 570572 339576 2556 15.0 65.2 402.2

      74.5 374.2

0:17.46 18.0 724616 337416 2404 17.6 71.5 357.7

0:05.11 7.9 367556 147776 2500 11.8 70.3 357.7

0:12.48 17.7 579548 331700 2556 9.1 68.0 346.3

      72.9 329.5

0:17.77 17.7 733328 331540 2404 11.1 73.5 307.2

0:05.42 8.4 376664 156752 2500 11.1 67.5 307.0

0:12.80 17.5 588524 327636 2556 22.2 65.7 307.0

      79.5 272.6

0:18.08 17.4 742568 326224 2404 16.7 66.3 243.0

0:05.73 8.9 385640 165728 2500 10.0 75.1 243.0

0:13.10 17.1 597236 319632 2556 12.5 83.8 243.0

      82.2 214.5

0:18.40 17.1 751676 320508 2404 16.7 63.6 204.5

0:06.05 9.3 394616 174704 2500 22.2 74.3 204.5

0:13.42 17.0 606344 318924 2556 16.7 70.7 193.5

      72.7 170.2

0:18.71 17.0 760388 317820 2404 11.1 65.6 137.7

0:06.35 9.8 403328 183416 2500 15.8 63.0 137.7

0:13.74 16.6 615188 310744 2556 12.5 82.1 137.9

      77.6 105.4

0:19.01 16.6 769232 310744 2404 11.1 74.8 105.4

0:06.67 10.3 412304 192392 2500 13.3 75.2 105.4

0:14.04 16.6 623900 311228 2556 11.8 64.4 87.7

      69.6 62.1

0:19.34 16.5 778604 308216 2404 11.8 70.8 43.7

0:06.99 10.8 421280 201368 2500 11.1 74.9 43.7

0:14.35 16.3 632876 304224 2556 13.6 72.7 43.7

      71.2 14.1

0:19.65 16.2 787712 303764 2404 10.5 78.3 0.0

0:07.31 11.3 430652 210872 2500 16.7 70.6 0.0

0:14.67 16.1 641588 301656 2556 11.8 67.8 0.0

      311.3 260.7

      303.8 260.7

0:07.74 11.8 441212 220440 1604 16.1 301.1 260.7

0:15.20 16.8 654788 313744 1540 23.8 282.9 260.7

      258.4 260.7

      257.7 260.7

0:08.10 12.3 451376 230736 1604 15.8 249.8 260.7

0:15.54 17.3 664556 323512 1540 25.0 233.2 260.7

      208.8 260.7

      205.6 260.7

0:08.45 12.9 461276 240804 1924 10.5 199.6 260.7

0:15.89 17.8 674852 333808 1540 10.5 183.3 260.7

      158.4 260.7

      157.2 260.7

0:08.82 13.4 471704 251364 1924 20.0 148.5 260.7

0:16.24 18.4 684752 343576 1540 12.5 135.0 260.7

      108.6 260.7

      107.0 260.7

0:09.18 14.0 482264 261924 1924 16.7 97.5 260.7

0:16.60 18.9 695048 353992 1668 15.8 84.9 260.7

      62.0 250.0

      69.7 250.0

0:09.55 14.6 492560 272220 1924 15.8 62.6 231.5

0:16.95 18.9 705212 354272 1668 16.7 69.0 221.6

      65.4 200.1

      65.4 200.1

0:09.90 15.1 502592 282252 1924 16.7 71.7 200.1

0:17.30 18.9 714980 353424 1668 17.6 76.5 184.9

      68.0 154.6

      70.3 154.6

0:10.24 15.6 512492 292020 1924 16.7 71.3 143.1

0:17.65 18.4 725012 343420 1668 18.8 74.4 141.0

      74.0 116.6

      71.9 116.6

0:10.60 16.1 522260 301788 1924 11.8 78.0 101.1

0:18.00 18.2 734912 339776 1668 16.7 66.2 86.6

      65.7 54.8

      65.1 54.8

0:10.97 16.7 532424 312084 1924 22.2 73.9 54.8

0:18.35 17.8 744944 333764 1668 14.3 75.3 36.2

      76.0 14.9

      75.5 14.9

0:11.31 17.2 542720 322380 1924 17.6 67.4 0.0

0:18.71 17.5 755240 326488 1668 15.0 51.0 318.4

      366.9 318.4

      364.9 318.4

0:11.74 17.7 554204 330792 1604 18.2 356.5 318.4

0:19.37 18.4 773324 343632 1604 27.8 321.4 318.4

      313.1 318.4

      316.0 318.4

0:12.18 18.4 566876 343464 1604 20.0 307.4 318.4

0:19.79 19.0 785600 356040 1604 23.5 274.1 318.4

      270.1 318.4

      264.8 318.4

0:12.62 19.0 579152 355872 1604 22.2 256.9 318.4

0:20.22 19.7 797876 368448 1604 23.5 225.6 318.4

      215.4 318.4

      220.2 318.4

0:13.05 19.7 591692 368280 1604 17.6 212.5 318.4

0:20.67 20.3 810152 380592 1604 23.5 180.2 318.4

      169.0 318.9

      171.8 318.9

0:13.49 20.3 603704 380424 1604 23.5 164.6 318.9

0:21.09 21.0 822164 392472 1604 31.2 132.6 318.9

      122.3 318.9

      120.9 318.9

0:13.91 21.0 615980 393132 1924 15.8 118.1 318.9

0:21.52 21.6 834572 404880 1604 25.0 85.0 318.9

      73.2 318.9

      74.6 318.9

0:14.35 21.7 628256 405276 1924 16.7 70.6 318.9

0:21.92 22.1 846188 413224 1604 22.2 80.0 277.0

      76.0 271.0

      75.2 271.0

0:14.78 21.7 640400 406840 1924 23.1 75.1 271.0

0:22.41 22.1 859916 413420 1604 18.8 72.0 231.3

      73.1 231.3

      75.0 231.3

0:15.21 21.8 652676 407384 1924 23.5 72.1 231.3

0:22.83 22.1 871928 413000 1604 25.0 74.9 186.0

      72.0 180.0

      71.4 180.0

0:15.62 21.8 664292 408060 1924 18.8 78.0 180.0

0:23.24 22.1 883544 412576 1604 23.5 74.9 136.4

      75.6 136.4

      76.0 136.4

0:16.03 21.7 675908 406224 1924 18.8 70.1 124.4

0:23.65 22.0 895292 411228 1604 21.1 74.6 92.3

      76.1 92.3

      75.2 92.3

0:16.44 21.7 687524 406856 1924 17.6 72.4 92.3

0:24.06 22.0 907172 411420 1604 17.6 73.5 43.5

      72.4 43.5

      73.0 43.5

0:16.85 21.7 699140 406036 1924 15.8 76.8 43.5

0:24.48 22.0 918920 411824 1604 23.5 67.2 10.7

      63.7 10.7

      63.2 10.7

0:17.28 21.9 711152 409528 1924 21.1 64.3 5.2

      424.8 284.5

0:25.09 22.6 933704 422452 1444 5.3 426.6 284.5

      426.6 284.5

0:17.85 22.5 724880 420288 1544 27.8 418.6 284.5

      379.1 284.5

0:25.65 23.4 949676 438556 1444 22.2 380.1 284.5

      379.4 284.5

0:18.40 23.3 740588 435864 1544 21.1 377.2 284.5

      336.3 284.5

      333.4 284.5

0:26.19 24.3 964856 453868 1444 25.0 331.4 284.5

0:18.93 24.1 755636 450912 1544 22.2 332.4 284.5

      293.8 284.5

      289.8 284.5

0:26.72 25.0 979904 468652 1444 22.2 289.1 284.5

0:19.47 24.9 770552 466260 1864 22.2 292.9 284.5

      254.2 284.5

      249.9 284.5

0:27.25 25.8 994556 483436 1444 25.0 246.9 284.5

0:20.00 25.7 785468 481044 1864 18.8 247.0 284.5

      207.3 284.5

      211.7 284.5

0:27.80 26.7 1009604 498604 1572 26.3 202.7 284.5

0:20.54 26.5 799724 495300 1864 20.0 203.8 284.5

      164.1 284.5

      168.9 284.5

0:28.34 27.4 1023860 512860 1572 29.4 159.1 284.5

0:21.06 27.3 814508 510084 1864 15.0 161.7 284.5

      122.3 284.5

      121.4 284.5

0:28.85 28.2 1038644 527644 1572 23.5 118.6 284.5

0:21.58 28.1 829292 525132 1864 23.5 118.8 284.5

      79.9 284.5

      78.7 284.5

0:29.39 29.0 1053560 542428 1572 20.0 77.4 284.5

0:22.10 28.8 843416 539124 1864 16.7 77.6 284.5

      74.9 256.2

      73.6 256.2

0:29.92 29.3 1068080 547328 1572 18.8 65.9 256.2

0:22.63 29.1 857672 544028 1864 27.8 73.5 256.2

      64.2 198.2

      64.7 198.2

0:30.47 29.4 1083260 550968 1572 33.3 83.6 198.2

0:23.17 29.3 872984 547460 1864 23.5 88.9 198.2

      81.8 162.0

      84.8 162.0

0:30.99 29.1 1097780 545056 1572 27.8 74.7 162.0

0:23.70 29.0 887768 541964 1864 23.5 80.6 162.0

      90.3 102.3

      90.9 102.3

0:31.52 29.0 1112564 542816 1572 16.7 89.6 102.3

0:24.22 28.7 902420 536440 1864 16.7 95.3 102.3

      75.3 80.9

      73.9 80.9

0:32.04 29.2 1127216 547212 1572 18.8 70.5 80.9

0:24.76 29.1 917468 543760 1864 23.5 72.8 80.9

      82.2 32.5

      82.7 32.5

0:32.55 29.3 1141076 548852 1572 25.0 78.5 32.5

0:25.28 29.0 931856 541776 1864 17.6 78.6 32.5

      74.8 0.0

      75.4 0.0

0:33.07 29.4 1155728 549620 1572 23.5 83.5 0.0

0:25.82 29.2 946640 545496 1844 20.0 66.5 374.7

      559.2 374.9

      560.0 374.9

      539.4 374.9

0:27.06 30.8 979112 576036 1504 41.2 532.4 374.9

      519.0 374.9

      519.9 374.9

      504.0 374.9

0:27.79 31.9 999308 596100 1504 40.0 493.4 374.9

      478.1 374.9

      480.6 374.9

      466.4 374.9

0:28.49 32.9 1018316 615724 1880 44.4 456.1 374.9

      440.4 374.9

      440.8 374.9

      430.0 374.9

0:29.19 33.9 1036664 633940 1880 44.4 420.3 374.9

      403.8 374.9

      403.5 374.9

      393.1 374.9

0:29.92 34.9 1056332 653740 1880 44.4 383.1 374.9

      365.1 374.9

      364.1 374.9

      356.1 374.9

0:30.63 35.9 1074944 672220 1880 47.1 345.5 374.9

      327.7 374.9

      327.1 374.9

      319.2 374.9

0:31.35 37.0 1094744 692020 1880 47.1 306.6 374.9

      290.6 374.9

      288.3 374.9

      282.3 374.9

0:32.07 38.0 1113224 710500 1880 43.8 270.6 374.9

      256.5 374.9

      252.4 374.9

      248.6 374.9

0:32.75 38.9 1130912 728188 1880 41.2 236.0 374.9

      219.9 374.9

      215.4 374.9

      210.8 374.9

0:33.44 39.9 1149656 746932 1880 50.0 198.9 374.9

      177.8 375.2

      175.4 375.2

      171.9 375.2

0:34.14 40.9 1168136 765412 1880 50.0 160.4 375.2

      138.9 375.2

      140.1 375.2

      133.5 375.2

0:34.85 42.0 1187804 785212 1880 55.6 122.4 375.2

      101.4 375.2

      100.1 375.2

      94.0 375.2

0:35.55 43.0 1207340 804748 1880 50.0 84.3 375.2

      72.5 366.0

      70.7 366.0

      67.8 366.0

0:36.26 43.8 1226744 819172 1880 44.4 70.4 357.6

      67.5 342.0

      63.8 329.6

      72.1 329.6

0:36.94 43.8 1245620 819312 1880 53.3 66.7 320.3

      74.1 297.4

      78.3 297.4

      71.1 297.4

0:37.63 43.9 1264892 822024 1880 43.8 65.4 269.6

      70.5 269.6

      67.8 269.6

      72.9 251.6

0:38.32 43.7 1284296 817932 1880 35.3 74.5 251.6

      73.4 225.7

      71.9 224.1

      71.9 224.1

0:39.01 44.0 1303568 823192 1880 47.1 65.5 207.6

      73.6 191.7

      67.5 191.7

      66.8 179.1

0:39.70 44.1 1322312 825388 1880 43.8 82.0 172.7

      80.5 148.9

      75.3 148.9

      73.6 148.9

0:40.41 44.0 1342112 823204 1880 44.4 65.7 135.3

      78.7 112.2

      74.2 112.2

      73.1 112.2

0:41.09 44.0 1360988 823616 1880 43.8 65.9 100.2

      80.8 76.2

      74.4 76.2

      75.1 76.2

0:41.78 44.1 1379996 824360 1880 47.1 68.3 76.2

      70.4 40.2

      74.3 40.2

      71.8 40.2

0:42.46 44.1 1398608 824240 1880 41.2 66.0 25.5

      72.9 9.0

      67.7 9.0

      66.3 0.0

0:43.16 44.2 1417880 827668 1880 50.0 76.2 0.0

      839.7 360.6

      837.7 360.6

      832.6 360.6

      816.7 360.6

      798.2 360.6

      796.8 360.6

      801.6 360.6

      783.1 360.6

      760.2 360.6

      761.9 360.6

      762.6 360.6

      747.2 360.6

      723.1 360.6

      723.0 360.6

      723.8 360.6

      712.3 360.6

      685.0 360.6

      688.3 360.6

      687.7 360.6

      677.2 360.6

      648.5 360.6

      650.3 360.6

      649.5 360.6

      642.0 360.6

      613.2 360.6

      612.2 360.6

      612.7 360.6

      607.2 360.6

      579.7 360.6

      579.6 360.6

      576.1 360.6

      572.9 360.6

      544.6 360.6

      544.4 360.6

      546.3 360.6

      540.6 360.6

      511.2 360.6

      511.0 360.6

      512.7 360.6

      507.8 360.6

      475.5 360.6

      475.9 360.6

      476.3 360.6

      475.1 360.6

      442.2 360.6

      440.6 360.6

      442.6 360.6

      441.1 360.6

      407.8 360.6

      408.3 360.6

      406.1 360.6

      406.4 360.6

      371.2 360.6

      372.5 360.6

      369.7 360.6

      372.8 360.6

      335.7 360.6

      336.3 360.6

      337.1 360.6

      338.0 360.6

      301.4 360.6

      301.9 360.6

      302.2 360.6

      302.7 360.6

      265.5 360.6

      264.9 360.6

      263.5 360.6

      266.6 360.6

      228.8 360.6

      228.2 360.6

      225.2 360.6

      230.7 360.6

      192.5 360.9

      193.7 360.9

      191.2 360.9

      193.5 360.9

      148.9 360.9

      149.7 360.9

      147.1 360.9

      151.3 360.9

      112.1 360.9

      112.8 360.9

      110.1 360.9

      115.1 360.9

      76.1 360.9

      76.7 360.9

      74.5 360.9

      79.2 360.9

      62.1 333.4

      64.3 333.4

      69.7 333.4

      84.5 333.4

      79.0 299.8

      78.2 299.8

      81.0 299.8

      75.4 299.8

      80.6 265.7

      76.6 265.7

      77.2 265.7

      89.1 265.7

      80.3 223.9

      81.4 223.9

      82.3 223.9

      83.5 223.9

      86.2 186.7

      91.3 186.7

      91.7 186.7

      90.2 186.7

      86.9 145.8

      88.3 145.8

      90.7 145.8

      89.9 145.8

      67.9 124.0

      67.1 124.0

      66.5 124.0

      73.2 124.0

      75.7 78.9

      73.3 78.9

      74.1 78.9

      71.7 78.9

      72.7 42.2

      73.8 42.2

      74.8 42.2

      73.2 42.2

      68.2 9.4

      68.3 9.4

      67.7 9.4

      70.0 9.4

      1665.2 731.7

      1662.5 731.7

      1664.3 731.7

      1666.4 731.7

      1660.5 731.7

      1666.9 731.7

      1661.4 731.7

      1663.5 731.7

      1659.7 731.9

      1659.7 731.9

      1660.2 731.9

      1659.6 731.9

      1659.8 731.9

      1659.7 731.9

      1662.0 731.9

      1663.6 731.9

      1661.0 731.9

      1660.6 731.9

      1661.3 731.9

      1661.5 731.9

      1660.2 731.9

      1661.5 731.9

      1661.2 731.9

      1661.4 731.9

      1659.7 731.9

      1659.8 731.9

      1661.3 731.9

      1661.6 731.9

      1659.8 731.9

      1660.2 731.9

      1661.4 731.9

      1661.6 731.9

      1659.7 731.9

      1660.2 731.9

      1661.3 731.9

      1662.0 731.9

      1659.6 731.9

      1660.0 731.9

      1661.1 731.9

      1663.0 731.9

      1661.7 731.9

      1663.2 731.9

      1661.1 731.9

      1661.3 731.9

      1659.5 731.9

      1659.7 731.9

      1661.1 731.9

      1661.8 731.9

      1659.6 731.9

      1660.3 731.9

      1661.1 731.9

      1661.7 731.9

      1659.6 731.9

      1660.2 731.9

      1661.6 731.9

      1661.5 731.9

      1659.6 731.9

      1659.8 731.9

      1661.8 731.9

      1664.2 731.9

      1659.6 731.9

      1659.6 731.9

      1659.5 731.9

      1661.2 731.9

      1660.2 731.9

      1660.9 731.9

      1659.5 731.9

      1661.0 731.9

      1660.2 731.9

      1660.8 731.9

      1659.4 731.9

      1661.0 731.9

      1659.8 731.9

      1659.9 731.9

      1662.8 731.9

      1660.7 731.9

      1658.6 731.9

      1659.9 731.9

      1660.5 731.9

      1661.9 731.9

      1657.9 732.1

      1657.1 732.1

      1657.2 732.1

      1661.2 732.1

      1657.9 732.1

      1658.0 732.1

      1657.8 732.1

      1659.7 732.1

      1657.8 732.1

      1658.3 732.1

      1657.8 732.1

      1659.7 732.1

      1650.1 732.1

      1650.2 732.1

      1650.2 732.1

      1652.5 732.1

      1650.1 732.1

      1650.3 732.1

      1650.6 732.1

      1651.6 732.1

      1650.2 732.1

      1650.4 732.1

      1650.3 732.1

      1651.7 732.1

      1650.2 732.1

      1650.1 732.1

      1650.2 732.1

      1651.2 732.1

      1650.2 732.1

      1650.3 732.1

      1650.2 732.1

      1650.8 732.1

      1650.1 732.1

      1650.7 732.1

      1650.1 732.1

      1650.1 732.1

      1650.2 732.1

      1650.3 732.1

      1650.2 732.1

      1650.2 732.1

      1650.1 732.1

      1650.7 732.1

      1650.1 732.1

      1650.1 732.1

      1651.0 732.1

      1652.5 732.1

      1653.7 732.1

      1650.2 732.1

      1650.8 732.1

      1652.2 732.1

      1651.0 732.1

      1654.3 732.1

      1650.2 732.1

      1650.7 732.1

      1650.2 732.1

      1650.3 732.1

      1650.2 732.1

      1650.6 732.1

      1650.2 732.1

      1650.2 732.1

      1650.2 732.1

      1650.7 732.1

      1650.2 732.1

      1650.2 732.1

      1650.2 732.1

      1650.4 732.1

      1650.7 732.1

      1651.9 732.1

      1650.2 732.1

      1650.7 732.1

      1651.3 732.1

      1652.4 732.1

      1650.2 732.1

      1650.2 732.1

      1650.3 732.1

      1650.7 732.1

      1650.1 732.1

      1650.1 732.1

      1650.1 732.1

      1650.0 732.1

      1650.0 732.1

      1650.1 732.1

      1650.1 732.1

      1650.1 732.1

      1650.1 732.1

      1650.1 732.1

      1650.1 732.1

      1650.1 732.1

      1650.8 732.1

      1650.1 732.1

      1650.2 732.1

      1650.0 732.1

      1650.8 732.1

      1652.1 732.1

      1653.6 732.1

      1651.4 732.1

      1650.6 732.1

      1651.8 732.1

      1652.2 732.1

      1652.1 732.1

      1650.0 732.1

      1650.0 732.1

      1650.0 732.1

      1650.0 732.1

