0:00.17 0.4 227636 8392 3036 99.9 1584.6 731.1

0:01.74 2.8 271724 52480 3036 99.9 1541.5 731.1

0:03.29 5.1 314228 94980 3036 93.8 1500.3 731.1

      1461.3 731.1

0:04.82 7.2 353300 134052 3036 87.5 1461.3 731.1

0:06.34 9.3 392504 173124 3036 99.9 1423.8 731.1

0:07.92 11.4 433160 213780 3036 99.9 1384.0 731.1

0:09.47 13.5 471968 252588 3036 93.8 1345.5 731.1

0:11.06 15.9 516188 296940 3036 99.9 1302.3 731.1

0:12.63 18.2 560540 341292 3036 94.1 1259.1 731.1

0:14.19 20.5 603440 384060 3036 94.1 1216.7 731.1

      1195.3 731.1

0:15.72 22.8 646340 426828 3036 99.9 1175.1 731.1

0:17.29 25.1 689504 470124 3036 99.9 1133.0 731.1

0:18.84 27.5 733328 513948 3036 99.9 1089.9 731.1

0:20.41 29.8 777548 558300 3036 88.2 1046.9 731.1

0:21.99 32.2 822032 602652 3036 94.1 1003.0 731.1

0:23.56 34.6 866252 647004 3036 99.9 960.0 731.1

0:25.11 36.9 910208 690828 3036 94.1 915.5 731.1

      912.6 731.1

0:26.65 39.2 953504 734124 3036 94.1 874.5 731.1

0:28.21 41.5 996536 777156 3036 99.9 832.4 731.1

0:29.76 43.9 1039700 820452 3036 93.8 790.0 731.1

0:31.33 46.2 1083128 863748 3036 93.8 747.9 731.1

0:32.91 48.5 1126688 907308 3036 99.9 705.0 731.1

0:34.47 50.9 1170908 951660 3036 94.1 661.7 731.1

      634.6 731.1

0:35.99 53.2 1213808 994428 3036 93.8 619.9 731.1

0:37.55 55.4 1255652 1.0g 3036 99.9 579.0 731.1

0:39.12 57.7 1299212 1.0g 3036 99.9 536.1 731.1

0:40.68 60.0 1342376 1.1g 3036 99.9 493.9 731.1

0:42.25 62.4 1386596 1.1g 3036 93.8 450.5 731.1

0:43.83 64.8 1430948 1.2g 3036 99.9 407.4 731.1

0:45.39 67.1 1474904 1.2g 3036 99.9 363.2 731.1

      356.1 731.1

0:46.93 69.4 1518464 1.2g 3036 94.1 321.7 731.1

0:48.49 71.8 1562024 1.3g 3036 99.9 279.2 731.1

0:50.05 74.1 1606376 1.3g 3036 88.2 235.2 731.1

0:51.63 76.5 1650992 1.4g 3036 99.9 191.7 731.1

0:53.19 78.9 1695608 1.4g 3036 88.2 148.4 731.1

0:54.75 81.3 1739696 1.4g 3036 99.9 105.2 731.1

      70.9 731.1

0:56.29 83.6 1783256 1.5g 3036 93.3 62.3 731.1

0:58.14 86.4 1835132 1.5g 3036 94.1 74.6 730.6

1:01.79 88.8 1936508 1.6g 544 95.7 75.9 594.2

1:07.13 87.9 2086592 1.6g 768 88.6 72.8 491.2

      72.8 491.2

1:09.03 87.9 2140316 1.6g 796 93.3 73.3 448.0

1:10.73 87.7 2188100 1.6g 796 99.9 65.7 393.1

1:12.45 88.4 2236544 1.6g 796 99.9 79.7 357.5

1:14.03 88.2 2280896 1.6g 796 93.3 75.6 306.8

1:15.75 88.0 2329604 1.6g 796 99.9 76.9 267.2

      73.5 201.0

1:17.81 87.7 2387816 1.6g 776 89.5 73.5 201.0

1:19.51 87.2 2435732 1.6g 776 89.5 66.9 149.7

1:21.08 87.9 2479688 1.6g 776 94.1 73.2 112.1

1:22.60 87.8 2522852 1.6g 776 82.4 76.4 74.7

1:24.72 87.6 2581988 1.6g 776 95.8 74.8 15.4

      1677.3 727.5

      1675.8 727.5

      1675.5 727.5

      1674.6 727.5

      1674.6 727.5

      1674.6 727.5

      1674.4 727.5

      1674.4 727.5

      1672.7 727.5

      1672.7 727.5

      1674.4 727.5

      1674.4 727.5

      1674.4 727.5

      1674.4 727.5

      1674.4 727.5

      1674.4 727.5

      1672.7 727.5

      1672.7 727.5

      1674.4 727.5

      1674.4 727.5

      1674.4 727.5

      1674.4 727.5

      1674.4 727.5

      1674.4 727.5

      1672.7 727.5

      1672.7 727.5

      1674.4 727.5

      1674.3 727.5

      1674.2 727.5

      1674.3 727.5

      1672.9 727.8

      1672.9 727.8

      1671.2 727.8

      1671.2 727.8

      1672.9 727.8

      1671.5 727.8

      1671.5 727.8

      1671.5 727.8

      1671.5 727.8

      1671.5 727.8

      1669.8 727.8

      1669.8 727.8

      1671.5 727.8

      1671.5 727.8

      1671.5 727.8

      1671.5 727.8

      1671.5 727.8

      1671.5 727.8

      1670.4 727.8

      1671.3 727.8

      1671.5 727.8

      1671.5 727.8

      1671.5 727.8

      1671.5 727.8

      1671.5 727.8

      1671.5 727.8

      1670.4 727.8

      1671.3 727.8

      1671.5 727.8

      1671.5 727.8

      1671.5 727.8

      1671.5 727.8

      1671.5 727.8

      1671.5 727.8

      1671.5 727.8

      1671.5 727.8

      1671.5 727.8

      1671.5 727.8

      1671.5 727.8

      1671.5 727.8

      1671.5 727.8

      1671.5 727.8

      1671.5 727.8

      1671.5 727.8

      1671.5 727.8

      1671.5 727.8

      1671.5 727.8

      1671.5 727.8

      1671.4 727.8

      1671.5 727.8

      1671.5 727.8

      1671.5 727.8

      1671.5 727.8

      1671.3 727.8

      1671.2 727.8

      1671.2 727.8

      1671.3 727.8

      1671.2 727.8

      1671.2 727.8

      1671.3 727.8

      1671.3 727.8

      1671.2 727.8

      1671.2 727.8

      1671.2 727.8

      1671.2 727.8

      1671.2 727.8

      1671.2 727.8

      1671.2 727.8

      1671.2 727.8

      1671.2 727.8

      1671.2 727.8

      1671.2 727.8

      1671.2 727.8

      1671.2 727.8

      1671.2 727.8

      1671.2 727.8

      1671.2 727.8

      1671.2 727.8

      1671.2 727.8

      1671.2 727.8

      1671.2 727.8

      1671.2 727.8

      1670.1 727.8

      1671.0 727.8

      1671.2 727.8

      1671.2 727.8

      1671.2 727.8

      1671.2 727.8

      1671.2 727.8

      1671.2 727.8

      1670.1 727.8

      1671.0 727.8

      1671.2 727.8

      1671.2 727.8

      1671.2 727.8

      1671.2 727.8

      1671.2 727.8

      1671.2 727.8

      1670.1 727.8

      1671.0 727.8

      1671.2 727.8

      1671.2 727.8

      1671.2 727.8

      1671.2 727.8

      1671.2 727.8

      1671.2 727.8

      1670.1 727.8

      1671.0 727.8

      1671.2 727.8

      1671.2 727.8

      1671.2 727.8

      1671.2 727.8

      1671.2 727.8

      1671.2 727.8

      1670.1 727.8

      1671.0 727.8

      1671.1 727.8

      1671.1 727.8

      1671.1 727.8

      1671.1 727.8

      1671.2 727.8

      1671.1 727.8

      1670.1 727.8

      1671.0 727.8

      1671.2 727.8

      1671.1 727.8

      1671.1 727.8

      1671.2 727.8

      1671.1 727.8

      1671.2 727.8

      1670.1 727.8

      1671.0 727.8

      1671.1 727.8

      1671.1 727.8

      1671.1 727.8

      1671.1 727.8

      1671.1 727.8

      1671.1 727.8

      1669.4 727.8

      1669.4 727.8

      1671.2 727.8

      1671.1 727.8

      1671.1 727.8

      1671.1 727.8

      1671.1 727.8

      1671.1 727.8

      1669.4 727.8

      1669.4 727.8

      1671.2 727.8

      1671.2 727.8

      1671.2 727.8

      1671.2 727.8

      1671.2 727.8

      1671.2 727.8

      1669.4 727.8

      1669.5 727.8

      1671.2 727.8

      1671.2 727.8

      1671.2 727.8

      1671.2 727.8

      1669.4 728.0

      1669.4 728.0

      1667.7 728.0

      1667.7 728.0

      1669.5 728.0

      1669.4 728.0

      1669.5 728.0

      1669.5 728.0

      1669.5 728.0

      1669.4 728.0

      1667.7 728.0

      1668.2 728.0

      1669.4 728.0

      1669.5 728.0

      1669.5 728.0

      1669.4 728.0

      1669.4 728.0

      1669.4 728.0

      1667.7 728.0

      1667.7 728.0

      1669.4 728.0

      1669.4 728.0

      1669.4 728.0

      1669.4 728.0

      1669.4 728.0

      1669.4 728.0

      1667.7 728.0

      1667.7 728.0

      1669.4 728.0

      1669.4 728.0

      1669.4 728.0

      1669.5 728.0

      1669.4 728.0

      1669.5 728.0

      1667.7 728.0

      1668.2 728.0

      1669.4 728.0

      1669.4 728.0

      1669.4 728.0

      1669.4 728.0

      1669.4 728.0

      1669.4 728.0

      1667.7 728.0

      1668.2 728.0

      1669.4 728.0

      1669.4 728.0

      1669.4 728.0

      1669.4 728.0

      1669.4 728.0

      1669.4 728.0

      1669.0 728.0

      1667.7 728.0

      1669.4 728.0

      1669.4 728.0

      1669.5 728.0

      1669.4 728.0

      1669.4 728.0

      1669.4 728.0

      1667.7 728.0

      1667.8 728.0

      1669.4 728.0

      1669.4 728.0

      1669.4 728.0

      1669.4 728.0

      1669.4 728.0

      1669.4 728.0

      1667.7 728.0

      1667.7 728.0

      1669.4 728.0

      1669.4 728.0

      1669.4 728.0

      1669.4 728.0

      1669.4 728.0

      1669.4 728.0

      1667.7 728.0

      1667.7 728.0

      1669.4 728.0

      1669.4 728.0

      1669.4 728.0

      1669.4 728.0

      1669.4 728.0

      1669.4 728.0

      1667.6 728.0

      1667.7 728.0

      1669.4 728.0

      1669.3 728.0

      1669.4 728.0

      1669.3 728.0

      1669.4 728.0

      1669.4 728.0

      1667.7 728.0

      1667.7 728.0

      1669.3 728.0

      1669.3 728.0

      1669.3 728.0

      1669.3 728.0

      1669.3 728.0

      1669.3 728.0

      1668.3 728.0

      1669.2 728.0

      1669.3 728.0

      1669.3 728.0

      1669.3 728.0

      1669.3 728.0

      1669.3 728.0

      1669.3 728.0

      1668.3 728.0

      1669.2 728.0

      1669.3 728.0

      1669.3 728.0

      1669.3 728.0

      1669.3 728.0

      1669.3 728.0

      1669.3 728.0

      1668.3 728.0

      1669.2 728.0

      1669.3 728.0

      1669.3 728.0

      1669.3 728.0

      1669.3 728.0

      1669.3 728.0

      1669.3 728.0

      1668.3 728.0

      1669.1 728.0

      1669.3 728.0

      1669.3 728.0

      1669.3 728.0

      1669.3 728.0

      1669.3 728.0

      1669.3 728.0

      1668.2 728.0

      1669.2 728.0

      1669.3 728.0

      1669.3 728.0

      1669.3 728.0

      1669.3 728.0

      1669.3 728.0

      1669.3 728.0

      1667.6 728.0

      1667.6 728.0

      1669.3 728.0

      1669.3 728.0

      1669.3 728.0

      1669.3 728.0

      1669.3 728.0

      1669.3 728.0

      1667.6 728.0

      1667.6 728.0

      1669.3 728.0

      1669.3 728.0

      1669.3 728.0

      1669.3 728.0

      1669.3 728.0

      1669.3 728.0

      1667.6 728.0

      1667.6 728.0

      1669.3 728.0

      1669.3 728.0

      1669.3 728.0

      1669.3 728.0

      1669.3 728.0

      1669.3 728.0

      1667.6 728.0

      1667.6 728.0

      1669.3 728.0

      1669.3 728.0

      1669.3 728.0

      1669.4 728.0

      1669.3 728.0

      1669.4 728.0

      1667.6 728.0

      1667.7 728.0

      1669.4 728.0

      1669.4 728.0

      1669.4 728.0

      1669.3 728.0

      1669.3 728.0

      1669.4 728.0

      1667.6 728.0

      1667.7 728.0

      1669.3 728.0

      1669.3 728.0

      1669.3 728.0

      1669.4 728.0

      1669.3 728.0

      1669.3 728.0

      1667.6 728.0

      1667.6 728.0

      1669.4 728.0

      1669.4 728.0

      1669.4 728.0

      1669.3 728.0

      1669.4 728.0

      1669.3 728.0

      1668.3 728.0

      1669.2 728.0

      1669.4 728.0

      1669.3 728.0

      1669.3 728.0

      1669.4 728.0

      1669.4 728.0

      1669.4 728.0

      1668.3 728.0

      1669.2 728.0

      1669.4 728.0

      1669.3 728.0

      1669.3 728.0

      1669.4 728.0

      1669.3 728.0

      1669.3 728.0

      1668.3 728.0

      1669.3 728.0

      1669.4 728.0

      1669.4 728.0

      1669.3 728.0

      1669.4 728.0

      1669.4 728.0

      1669.3 728.0

      1668.3 728.0

      1669.2 728.0

      1669.3 728.0

      1669.3 728.0

      1669.4 728.0

      1669.4 728.0

      1669.3 728.0

      1669.3 728.0

      1668.3 728.0

      1669.2 728.0

      1669.3 728.0

      1669.3 728.0

      1669.3 728.0

      1669.3 728.0

      1669.3 728.0

      1669.3 728.0

      1669.3 728.0

      1669.3 728.0

      1669.3 728.0

      1669.3 728.0

      1669.3 728.0

      1669.3 728.0

      1669.3 728.0

      1669.3 728.0

      1669.3 728.0

      1669.3 728.0

      1669.3 728.0

      1669.3 728.0

      1669.3 728.0

      1669.3 728.0

      1669.3 728.0

      1669.3 728.0

      1668.3 728.0

      1669.2 728.0

      1669.3 728.0

      1669.3 728.0

      1669.3 728.0

      1669.3 728.0

      1669.3 728.0

      1669.3 728.0

      1669.3 728.0

      1669.3 728.0

      1669.3 728.0

      1669.3 728.0

      1669.3 728.0

      1669.3 728.0

      1669.3 728.0

      1669.3 728.0

      1669.3 728.0

      1669.3 728.0

      1669.3 728.0

      1669.3 728.0

      1669.3 728.0

      1669.3 728.0

      1669.3 728.0

      1669.3 728.0

      1668.3 728.0

      1669.2 728.0

      1669.3 728.0

      1669.3 728.0

      1669.3 728.0

      1669.3 728.0

      1669.3 728.0

      1669.3 728.0

      1669.3 728.0

      1669.3 728.0

      1669.3 728.0

      1669.3 728.0

      1669.3 728.0

      1669.3 728.0

      1669.3 728.0

      1669.3 728.0

      1669.3 728.0

      1669.3 728.0

      1669.3 728.0

      1669.3 728.0

      1669.3 728.0

      1669.3 728.0

      1669.3 728.0

      1669.3 728.0

      1669.3 728.0

      1669.3 728.0

      1669.3 728.0

      1669.3 728.0

      1669.3 728.0

      1669.3 728.0

      1669.3 728.0

      1669.3 728.0

      1669.3 728.0

      1669.3 728.0

      1669.3 728.0

      1669.3 728.0

      1669.3 728.0

      1669.2 728.0

      1669.3 728.0

      1669.3 728.0

      1669.3 728.0

      1669.3 728.0

      1669.3 728.0

      1669.3 728.0

      1669.2 728.0

      1669.3 728.0

      1669.3 728.0

      1669.3 728.0

      1669.2 728.0

      1669.3 728.0

      1669.3 728.0

      1669.2 728.0

      1669.2 728.0

      1669.2 728.0

      1669.3 728.0

      1669.2 728.0

      1669.2 728.0

      1669.3 728.0

      1669.2 728.0

      1669.2 728.0

      1669.2 728.0

      1669.3 728.0

      1669.2 728.0

      1669.2 728.0

      1669.2 728.0

      1669.2 728.0

      1669.2 728.0

      1669.2 728.0

      1669.2 728.0

      1669.2 728.0

      1669.2 728.0

      1669.2 728.0

      1669.3 728.0

      1669.3 728.0

      1669.3 728.0

      1669.3 728.0

      1669.3 728.0

      1669.3 728.0

      1669.3 728.0

      1669.3 728.0

      1669.3 728.0

      1669.3 728.0

      1669.3 728.0

      1669.3 728.0

      1669.3 728.0

      1669.3 728.0

      1669.3 728.0

      1669.3 728.0

      1669.3 728.0

      1669.3 728.0

      1669.3 728.0

      1669.3 728.0

      1669.3 728.0

      1669.3 728.0

      1669.3 728.0

      1669.3 728.0

      1669.3 728.0

      1669.3 728.0

      1669.3 728.0

      1669.3 728.0

      1669.4 728.0

      1669.3 728.0

      1669.3 728.0

      1669.3 728.0

      1669.3 728.0

      1669.3 728.0

      1669.3 728.0

      1669.3 728.0

      1669.3 728.0

      1669.3 728.0

      1669.3 728.0

      1669.3 728.0

      1669.3 728.0

      1669.3 728.0

      1669.3 728.0

      1669.3 728.0

      1669.3 728.0

      1669.3 728.0

      1669.3 728.0

      1669.3 728.0

      1669.3 728.0

      1669.3 728.0

      1669.3 728.0

      1669.3 728.0

      1669.3 728.0

      1669.3 728.0

      1669.3 728.0

      1669.3 728.0

      1669.3 728.0

      1669.3 728.0

      1669.3 728.0

      1669.3 728.0

      1669.3 728.0

      1669.3 728.0

      1669.3 728.0

      1669.3 728.0

      1669.3 728.0

      1669.3 728.0

      1669.3 728.0

      1669.3 728.0

      1669.3 728.0

      1669.3 728.0

      1669.3 728.0

      1669.3 728.0

      1669.3 728.0

      1669.3 728.0

      1669.3 728.0

      1669.3 728.0

      1669.3 728.0

      1669.3 728.0

      1669.3 728.0

      1669.3 728.0

      1669.3 728.0

      1669.3 728.0

      1669.3 728.0

      1669.3 728.0

      1669.3 728.0

      1669.3 728.0

      1669.3 728.0

      1669.3 728.0

      1669.3 728.0

      1669.3 728.0

      1669.3 728.0

      1669.3 728.0

      1669.3 728.0

      1669.3 728.0

      1669.3 728.0

      1669.3 728.0

      1669.3 728.0

      1669.3 728.0

      1669.3 728.0

      1669.3 728.0

      1669.3 728.0

      1669.3 728.0

      1669.3 728.0

      1669.3 728.0

      1669.3 728.0

      1669.3 728.0

      1669.3 728.0

      1669.3 728.0

      1669.3 728.0

      1669.3 728.0

      1669.3 728.0

      1669.3 728.0

      1669.3 728.0

      1669.3 728.0

      1669.3 728.0

      1669.3 728.0

      1669.3 728.0

      1669.3 728.0

      1669.2 728.0

      1669.2 728.0

      1669.2 728.0

      1669.3 728.0

      1669.3 728.0

      1669.2 728.0

      1669.2 728.0

      1669.3 728.0

      1669.2 728.0

      1669.3 728.0

      1669.3 728.0

      1669.3 728.0

      1669.2 728.0

      1669.2 728.0

      1669.2 728.0

      1669.2 728.0

      1669.2 728.0

      1656.1 729.0

      1656.1 729.0

      1656.1 729.0

      1656.1 729.0

      1656.1 729.0

      1656.1 729.0

      1656.1 729.0

      1656.1 729.0

      1656.1 729.0

      1656.1 729.0

      1656.1 729.0

      1656.1 729.0

      1656.1 729.0

      1656.1 729.0

      1656.1 729.0

      1656.1 729.0

      1656.1 729.0

      1656.1 729.0

      1656.1 729.0

      1656.1 729.0

      1656.1 729.0

      1656.1 729.0

      1656.1 729.0

      1656.1 729.0

      1656.1 729.0

      1656.1 729.0

      1655.0 729.0

      1655.9 729.0

      1656.1 729.0

      1656.1 729.0

      1656.1 729.0

      1656.1 729.0

      1656.1 729.0

      1656.1 729.0

      1655.0 729.0

      1655.9 729.0

      1656.1 729.0

      1656.1 729.0

      1656.1 729.0

      1656.1 729.0

      1656.1 729.0

      1656.1 729.0

      1655.0 729.0

      1655.9 729.0

      1656.1 729.0

      1656.1 729.0

      1656.1 729.0

      1656.1 729.0

      1656.1 729.0

      1656.2 729.0

      1655.1 729.0

      1655.6 729.0

      1647.6 729.3

      1647.6 729.3

      1647.6 729.3

      1647.5 729.3

      1647.5 729.3

      1597.0 729.3

      1597.0 729.3

      1596.9 729.3

      1404.7 730.3

      1412.9 730.8

      1409.3 730.8

      1409.2 731.0

      1409.2 731.0

      1409.2 731.0

      1409.2 731.0

      1409.2 731.0

      1409.2 731.0

      1409.2 731.0

      1409.2 731.0

      1409.3 731.0

      1409.3 731.0

      1409.3 731.0

      1409.3 731.0

      1409.3 731.0

      1409.3 731.0

      1409.3 731.0

      1409.3 731.0

      1409.3 731.0

      1409.3 731.0

      1409.4 731.0

      1409.3 731.0

      1409.3 731.0

      1409.3 731.0

      1409.3 731.0

      1409.3 731.0

      1409.3 731.0

      1409.3 731.0

      1409.3 731.0

      1409.3 731.0

      1409.3 731.0

      1409.3 731.0

      1409.3 731.0

      1409.1 731.0

      1408.9 731.0

      1408.8 731.0

      1408.6 731.0

      1407.9 731.0

      1407.7 731.0

      1406.2 731.3

      1406.2 731.3

      1406.2 731.3

      1406.1 731.3

      1406.1 731.3

      1406.1 731.3

      1406.1 731.3

      1406.1 731.3

      1406.1 731.3

      1406.1 731.3

      1406.1 731.3

      1406.1 731.3

      1406.1 731.3

      1403.1 731.3

      1405.9 731.3

      1405.9 731.3

      1405.9 731.3

      1405.9 731.3

      1403.0 731.3

      1405.8 731.3

      1405.8 731.3

      1405.8 731.3

      1405.8 731.3

      1403.0 731.3

      1405.8 731.3

      1405.8 731.3

      1405.8 731.3

      1405.8 731.3

      1405.8 731.3

      1405.8 731.3

      1405.8 731.3

      1405.8 731.3

      1405.8 731.3

      1405.4 731.3

      1405.6 731.3

      1405.6 731.3

      1405.7 731.3

      1405.7 731.3

      1405.6 731.3

      1405.5 731.3

