0:00.10 0.3 225260 6032 3052 52.9 1623.5 732.2

      1615.3 732.2

      1616.9 732.2

      1613.7 732.2

      1601.9 732.2

      1602.4 732.2

      1605.5 732.2

0:00.76 1.3 244004 24776 3052 47.1 1585.4 732.2

      1578.0 732.2

      1578.6 732.2

      1578.1 732.2

      1566.5 732.2

      1565.0 732.2

      1568.0 732.2

0:01.43 2.3 262880 43520 3052 43.8 1548.7 732.2

      1541.3 732.2

      1541.4 732.2

      1539.3 732.2

      1528.4 732.2

      1529.6 732.2

      1529.6 732.2

0:02.12 3.4 282416 63056 3052 52.9 1512.6 732.2

      1503.4 732.2

      1503.0 732.2

      1500.6 732.2

      1491.8 732.2

      1490.8 732.2

      1492.3 732.2

0:02.80 4.4 301556 82324 3052 52.9 1475.9 732.2

      1467.1 732.2

      1464.5 732.2

      1464.0 732.2

      1454.9 732.2

      1455.2 732.2

      1453.5 732.2

0:03.47 5.4 320300 101068 3052 44.4 1437.4 732.2

      1429.2 732.2

      1428.2 732.2

      1426.7 732.2

      1417.4 732.2

      1416.5 732.2

      1416.8 732.2

0:04.14 6.4 339308 120076 3052 47.1 1399.6 732.2

      1393.1 732.2

      1393.4 732.2

      1390.4 732.2

      1382.1 732.2

      1379.2 732.2

      1379.8 732.2

0:04.82 7.4 358052 138820 3052 41.2 1363.4 732.2

      1355.1 732.2

      1354.7 732.2

      1353.1 732.2

      1346.5 732.2

      1343.9 732.2

      1346.5 732.2

0:05.51 8.4 377192 157828 3052 47.1 1326.0 732.2

      1318.8 732.2

      1318.0 732.2

      1316.5 732.2

      1308.5 732.2

      1307.3 732.2

      1305.8 732.2

0:06.19 9.5 396596 177364 3052 50.0 1288.1 732.2

      1280.5 732.2

      1281.8 732.2

      1280.9 732.2

      1272.4 732.2

      1269.3 732.2

      1271.4 732.2

0:06.87 10.5 415208 195844 3052 47.4 1251.3 732.2

      1243.6 732.2

      1243.0 732.2

      1244.5 732.2

      1234.5 732.2

      1232.1 732.2

      1231.8 732.2

0:07.55 11.5 434612 215380 3052 50.0 1212.7 732.2

      1206.7 732.2

      1206.1 732.2

      1205.2 732.2

      1197.0 732.2

      1195.0 732.2

      1196.7 732.2

0:08.23 12.5 452300 233068 3052 55.6 1177.8 732.2

      1171.8 732.2

      1171.8 732.2

      1169.0 732.2

      1160.8 732.2

      1160.3 732.2

      1159.7 732.2

0:08.89 13.4 471044 251548 3052 47.1 1142.2 732.2

      1135.5 732.2

      1135.8 732.2

      1131.3 732.2

      1124.7 732.2

      1122.6 732.2

      1123.2 732.2

0:09.57 14.5 490052 270820 3052 52.9 1105.7 732.2

      1097.9 732.2

      1099.1 732.2

      1094.4 732.2

      1089.5 732.2

      1084.4 732.2

      1084.0 732.2

0:10.24 15.5 508796 289564 3052 50.0 1067.1 732.2

      1061.3 732.2

      1060.2 732.2

      1057.0 732.2

      1051.6 732.2

      1049.4 732.2

      1046.0 732.2

0:10.92 16.5 527936 308572 3052 52.9 1029.8 732.2

      1023.2 732.2

      1022.6 732.2

      1017.9 732.2

      1013.4 732.2

      1014.8 732.2

      1008.7 732.2

0:11.61 17.5 547340 328108 3052 56.2 993.0 732.2

      984.9 732.2

      985.4 732.2

      981.8 732.2

      974.6 732.2

      974.0 732.2

      972.9 732.2

0:12.27 18.6 566480 347116 3052 43.8 956.8 732.2

      949.5 732.2

      950.2 732.2

      946.1 732.2

      938.2 732.2

      936.9 732.2

      939.3 732.2

0:12.95 19.5 584960 365596 3052 50.0 919.8 732.2

      911.8 732.2

      912.4 732.2

      909.5 732.2

      900.4 732.2

      899.4 732.2

      902.1 732.2

0:13.61 20.5 603572 384340 3052 50.0 884.2 732.2

      874.0 732.2

      874.5 732.2

      870.9 732.2

      861.0 732.2

      861.6 732.2

      864.1 732.2

0:14.27 21.5 622316 403084 3052 56.2 848.8 732.2

      835.9 732.2

      836.5 732.2

      837.1 732.2

      823.7 732.2

      826.4 732.2

      824.9 732.2

0:14.95 22.6 641588 422356 3052 41.2 812.8 732.2

      799.1 732.2

      798.5 732.2

      798.3 732.2

      788.7 732.2

      785.4 732.2

      785.6 732.2

0:15.64 23.6 661124 441892 3052 47.1 775.3 732.2

      760.7 732.2

      760.4 732.2

      761.1 732.2

      748.8 732.2

      751.1 732.2

      750.0 732.2

0:16.34 24.6 680132 460900 3052 60.0 737.3 732.2

      721.8 732.2

      721.4 732.2

      722.0 732.2

      710.2 732.2

      712.3 732.2

      712.2 732.2

0:17.01 25.6 699008 479644 3052 44.4 700.4 732.2

      684.1 732.2

      684.2 732.2

      683.0 732.2

      673.0 732.2

      673.9 732.2

      672.8 732.2

0:17.68 26.6 717884 498388 3052 50.0 663.6 732.2

      646.7 732.2

      647.8 732.2

      647.2 732.2

      635.9 732.2

      636.6 732.2

      636.1 732.2

0:18.36 27.7 737024 517660 3052 50.0 625.9 732.2

      608.8 732.2

      608.9 732.2

      610.8 732.2

      598.4 732.2

      597.4 732.2

      596.9 732.2

0:19.03 28.7 756032 536668 3052 38.9 589.8 732.2

      571.5 732.2

      570.2 732.2

      573.2 732.2

      560.8 732.2

      560.8 732.2

      560.9 732.2

0:19.68 29.7 774380 554884 3052 37.5 553.4 732.2

      534.9 732.2

      533.0 732.2

      535.9 732.2

      523.5 732.2

      524.2 732.2

      522.5 732.2

0:20.35 30.6 792728 573364 3052 31.2 516.8 732.2

      499.4 732.2

      495.1 732.2

      498.1 732.2

      485.7 732.2

      486.0 732.2

      488.0 732.2

0:21.02 31.7 811736 592372 3052 40.0 480.0 732.2

      464.5 732.2

      458.0 732.2

      458.9 732.2

      448.1 732.2

      448.4 732.2

      449.3 732.2

0:21.70 32.7 830612 611380 3052 38.9 442.8 732.2

      427.7 732.2

      421.6 732.2

      419.9 732.2

      410.5 732.2

      410.8 732.2

      411.3 732.2

0:22.39 33.7 849752 630388 3052 47.1 406.0 732.2

      389.3 732.2

      388.0 732.2

      385.1 732.2

      373.3 732.2

      372.0 732.2

      372.5 732.2

0:23.07 34.7 868100 648868 3052 40.0 368.7 732.2

      352.3 732.2

      351.9 732.2

      345.4 732.2

      338.0 732.2

      334.8 732.2

      335.4 732.2

0:23.74 35.7 887504 668140 3052 35.0 331.4 732.2

      316.9 732.2

      314.5 732.2

      309.4 732.2

      302.9 732.2

      296.3 732.2

      296.9 732.2

0:24.44 36.7 906644 687148 3052 35.0 294.0 732.2

      281.5 732.2

      279.0 732.2

      273.6 732.2

      269.7 732.2

      260.2 732.2

      259.5 732.2

0:25.13 37.7 925388 706156 3052 37.5 255.6 732.2

      244.1 732.2

      242.9 732.2

      238.5 732.2

      229.0 732.2

      220.9 732.2

      221.5 732.2

0:25.83 38.8 945188 725956 3052 42.1 216.3 732.2

      206.6 732.2

      204.9 732.2

      200.4 732.2

      192.4 732.2

      185.3 732.2

      185.8 732.2

0:26.51 39.8 963668 744436 3052 35.3 180.5 732.2

      175.4 732.2

      168.0 732.2

      162.1 732.2

      153.5 732.2

      147.9 732.2

      148.3 732.2

0:27.18 40.8 982676 763444 3052 31.2 143.6 732.2

      137.9 732.2

      133.1 732.2

      124.7 732.2

      116.2 732.2

      115.0 732.2

      112.4 732.2

0:27.85 41.8 1001420 782188 3052 33.3 107.9 732.2

      101.4 732.2

      92.3 732.2

      87.5 732.2

      77.4 732.2

      77.9 732.2

      78.9 732.2

0:28.50 42.7 1018976 799612 3052 36.8 74.5 732.2

      66.4 732.2

      58.2 732.2

      53.7 731.2

      76.4 731.0

      73.2 731.0

      74.1 731.0

0:29.15 43.7 1036796 817300 3052 35.3 73.0 731.0

      65.3 728.2

      75.1 713.9

      75.3 699.0

      83.6 699.0

      81.4 699.0

      78.8 699.0

0:29.81 44.2 1054220 826204 2884 40.0 76.6 699.0

      74.1 699.0

      72.9 672.7

      71.3 670.0

      76.4 670.0

      71.7 670.0

      74.6 670.0

0:30.47 44.4 1073228 830380 2884 31.6 66.5 670.0

      68.5 659.0

      65.8 635.7

      66.7 623.2

      78.1 623.2

      71.0 623.2

0:31.23 44.2 1094876 827752 2884 43.8 70.0 623.2

      69.4 623.2

      65.5 623.2

      74.8 602.6

      68.7 583.0

      80.1 583.0

      73.5 583.0

      73.0 583.0

0:31.96 44.2 1115204 827292 2884 40.0 74.0 583.0

      69.7 583.0

      65.0 583.0

      60.6 561.0

      60.2 560.7

      57.8 560.7

      57.2 560.7

0:32.70 44.7 1136324 837080 2884 50.0 55.5 560.7

      56.8 560.7

      52.0 523.5

      67.2 501.5

      73.5 501.5

      81.1 501.5

      81.7 501.5

0:33.62 44.5 1162460 833040 2884 22.2 82.3 501.5

      78.8 501.5

      75.6 501.7

      74.4 482.6

      63.8 482.6

      66.5 470.7

      67.1 470.7

0:34.30 45.0 1181468 842140 2884 33.3 79.4 470.7

      78.5 470.7

      74.8 470.7

      76.6 437.7

      75.2 437.7

      70.1 437.7

      69.6 437.7

0:34.96 44.7 1199552 837204 2884 23.5 70.0 437.7

      69.4 437.7

      69.3 437.7

      80.5 405.2

      73.6 405.2

      70.9 405.2

      71.5 405.2

      70.4 405.2

0:35.64 44.8 1217900 838696 2884 29.4 70.9 405.2

      71.2 405.2

      65.2 363.2

      70.2 363.2

      74.9 363.2

      75.5 363.2

0:36.31 44.7 1236644 836236 2884 23.5 72.7 363.2

      73.2 363.2

      76.7 363.2

      57.1 350.8

      52.5 331.5

      52.5 331.5

0:37.01 45.4 1256972 850172 2884 35.3 58.1 331.5

      55.4 331.5

      55.5 331.5

      57.6 317.7

      50.9 301.0

      75.6 265.2

0:37.41 44.7 1267796 835520 2884 0.0 100.0 265.2

      102.3 265.2

      91.6 265.2

      80.8 265.2

      74.1 265.2

      69.2 250.1

      73.8 241.5

      73.2 239.7

0:38.06 44.3 1286672 829592 2884 33.3 75.2 239.7

      78.4 239.7

      67.3 225.5

      77.1 225.5

      73.8 213.8

      71.2 205.9

      74.7 205.9

0:38.74 44.3 1306208 829628 2884 35.3 76.0 205.9

      72.0 205.9

      65.5 190.1

      74.1 190.1

      70.9 175.6

      68.0 175.6

      67.8 160.9

0:39.44 44.4 1326140 829960 2884 31.6 67.9 160.9

      81.2 160.9

      73.5 160.9

      68.3 160.9

      64.9 143.5

      79.8 128.5

      77.7 128.5

0:40.11 44.4 1345280 830528 2884 33.3 75.0 128.5

      72.9 128.5

      68.5 128.5

      62.2 109.5

      79.2 109.5

      72.4 96.2

      74.9 96.2

0:40.77 44.6 1364288 833748 2884 33.3 70.8 96.2

      70.5 96.2

      63.0 81.0

      75.1 81.0

      72.1 81.0

      74.2 57.7

      71.5 57.7

0:41.45 44.3 1383560 829512 2884 33.3 70.9 57.7

      73.0 57.7

      66.5 46.6

      73.8 46.6

      70.6 46.6

      69.8 0.1

      71.4 0.1

0:42.16 44.5 1403888 831688 2884 37.5 92.3 0.1

      99.1 0.1

      86.4 0.1

      83.5 0.1

      79.6 0.1

      51.1 0.0

      52.3 0.0

      51.0 0.0

0:42.88 44.7 1424480 836212 1768 33.3 51.0 0.0

      51.0 358.7

      50.9 358.7

      51.1 358.7

      842.4 359.2

      841.8 359.2

      832.0 359.2

      829.0 359.2

      813.7 359.2

      812.2 359.2

      811.7 359.2

      806.3 359.2

      807.8 359.2

      796.6 359.2

      795.0 359.2

      776.9 359.2

      776.9 359.2

      778.2 359.2

      770.2 359.2

      771.1 359.2

      760.4 359.2

      762.3 359.2

      740.9 359.2

      741.1 359.2

      740.5 359.2

      734.4 359.2

      733.9 359.2

      724.9 359.2

      726.7 359.2

      705.1 359.2

      705.4 359.2

      706.0 359.2

      698.2 359.2

      697.6 359.2

      690.1 359.2

      690.7 359.2

      671.1 359.2

      670.5 359.2

      670.2 359.2

      660.6 359.2

      661.2 359.2

      654.0 359.2

      655.2 359.2

      636.5 359.2

      634.5 359.2

      634.6 359.2

      626.5 359.2

      626.3 359.2

      617.9 359.2

      619.7 359.2

      601.6 359.2

      599.8 359.2

      599.8 359.2

      592.2 359.2

      590.7 359.2

      581.6 359.2

      582.6 359.2

      566.0 359.2

      564.7 359.2

      564.4 359.2

      554.2 359.2

      554.8 359.2

      544.7 359.2

      545.3 359.2

      532.1 359.2

      529.8 359.2

      528.9 359.2

      518.7 359.2

      518.1 359.2

      509.6 359.2

      509.1 359.2

      497.4 359.2

      497.5 359.2

      494.1 359.2

      485.0 359.2

      484.4 359.2

      473.7 359.2

      474.2 359.2

      461.1 359.2

      465.5 359.2

      459.8 359.2

      450.8 359.2

      450.2 359.2

      438.3 359.2

      438.3 359.2

      426.2 359.4

      425.5 359.4

      429.1 359.4

      416.7 359.9

      417.6 359.9

      405.1 359.9

      404.4 359.9

      389.8 359.9

      390.3 359.9

      392.2 359.9

      380.7 359.9

      381.6 359.9

      370.5 359.9

      371.7 359.9

      353.7 359.9

      356.3 359.9

      355.7 359.9

      344.5 359.9

      343.9 359.9

      335.1 359.9

      334.5 359.9

      319.0 359.9

      317.7 359.9

      317.2 359.9

      308.0 359.9

      307.3 359.9

      299.8 359.9

      299.8 359.9

      282.8 359.9

      281.6 359.9

      281.4 359.9

      271.3 359.9

      271.9 359.9

      265.1 359.9

      264.5 359.9

      246.7 360.2

      246.5 360.2

      246.0 360.2

      228.3 360.2

      227.7 360.2

      223.3 360.2

      221.2 360.2

      206.2 360.2

      204.0 360.2

      204.7 360.2

      192.7 360.2

      192.1 360.2

      187.7 360.2

      185.0 360.2

      170.8 360.2

      170.7 360.2

      169.1 360.2

      157.0 360.2

      156.3 360.2

      154.6 360.2

      149.2 360.2

      134.2 360.2

      135.3 360.2

      134.9 360.2

      121.6 360.2

      120.7 360.2

      117.3 360.2

      111.7 360.2

      100.2 360.2

      100.1 360.2

      99.1 360.2

      84.8 360.2

      86.4 360.2

      79.7 360.2

      75.2 360.2

      64.8 360.2

      65.4 360.2

      66.5 360.2

      71.4 352.8

      65.4 352.8

      65.6 342.7

      75.9 342.7

      65.1 342.7

      65.8 342.7

      68.4 342.7

      74.7 324.0

      68.0 324.0

      70.4 312.3

      70.4 309.6

      70.3 309.6

      71.0 309.6

      70.7 309.6

      74.2 290.3

      69.0 275.7

      69.5 275.7

      65.4 273.5

      70.5 273.5

      71.1 273.5

      70.6 273.5

      73.2 253.3

      73.2 242.1

      73.7 242.1

      76.8 242.1

      70.8 242.1

      71.4 242.1

      69.7 242.1

      79.9 223.9

      66.0 208.0

      66.6 208.0

      73.1 208.0

      72.1 208.0

      71.6 208.0

      72.9 208.0

      74.3 183.4

      74.5 169.2

      72.7 169.2

      77.1 169.2

      74.5 169.2

      72.8 169.2

      73.4 169.2

      66.3 153.1

      72.1 129.7

      73.6 129.7

      66.2 129.7

      79.5 129.7

      78.8 129.7

      78.3 129.7

      67.1 119.7

      99.1 94.0

      99.5 94.0

      84.7 94.0

      84.8 94.0

      83.9 94.0

      84.5 94.0

      72.1 94.0

      75.4 70.1

      75.8 72.0

      75.5 64.0

      77.3 64.0

      80.9 64.0

      80.3 64.0

      69.3 64.0

      77.1 44.6

      76.6 44.6

      67.7 44.6

      64.8 30.7

      65.3 30.7

      65.9 30.7

      70.6 30.7

      70.8 10.2

      72.3 10.2

      76.6 3.2

      70.6 3.2

      73.0 3.2

      74.7 3.2

      66.0 0.0

      1659.6 729.8

      1660.5 729.8

      1658.7 729.8

      1663.1 729.8

      1652.2 729.8

      1652.7 729.8

      1652.3 729.8

      1652.3 729.8

      1653.8 729.8

      1652.8 729.8

      1655.4 729.8

      1652.1 729.8

      1652.9 729.8

      1654.1 729.8

      1651.3 729.8

      1651.2 729.8

      1651.4 729.8

      1653.0 729.8

      1654.2 729.8

      1653.6 729.8

      1658.5 729.8

      1653.4 729.8

      1656.7 729.8

      1655.4 729.8

      1655.0 729.8

      1651.4 729.8

      1651.2 729.8

      1652.7 729.8

      1652.7 729.8

      1653.9 729.8

      1652.7 729.8

      1653.6 729.8

      1657.2 729.8

      1657.9 729.8

      1652.0 729.8

      1650.9 729.8

      1651.5 729.8

      1651.1 729.8

      1650.8 729.8

      1652.4 729.8

      1650.8 729.8

      1654.0 729.8

      1654.6 729.8

      1655.1 729.8

      1650.8 729.8

      1651.0 729.8

      1651.6 729.8

      1650.8 729.8

      1650.8 729.8

      1652.1 729.8

      1653.3 729.8

      1651.2 729.8

      1650.7 729.8

      1651.5 729.8

      1650.8 729.8

      1650.6 729.8

      1650.6 729.8

      1650.7 729.8

      1651.1 729.8

      1651.2 729.8

      1650.7 729.8

      1653.1 729.8

      1650.6 729.8

      1650.7 729.8

      1653.8 729.8

      1652.8 729.8

      1652.2 729.8

      1652.8 729.8

      1650.5 729.8

      1651.8 729.8

      1651.3 729.8

      1653.5 729.8

      1652.3 729.8

      1656.4 729.8

      1659.1 729.8

      1657.3 729.8

      1660.2 729.8

      1641.9 729.8

      1642.5 729.8

      1643.4 729.8

      1647.4 729.8

      1642.3 729.8

      1648.4 729.8

      1644.9 729.8

      1646.0 729.8

      1643.8 729.8

      1641.9 729.8

      1644.0 729.8

      1645.2 729.8

      1646.0 729.8

      1643.5 729.8

      1650.9 729.8

      1644.7 729.8

      1646.4 729.8

      1645.9 729.8

      1650.7 729.8

      1651.4 729.8

      1652.1 729.8

      1649.5 729.8

      1644.4 729.8

      1644.9 729.8

      1644.0 729.8

      1650.5 729.8

      1650.8 729.8

      1650.8 729.8

      1649.5 729.8

      1647.1 729.8

      1647.0 729.8

      1643.6 729.8

      1650.3 729.8

      1650.8 729.8

      1650.9 729.8

      1651.6 729.8

      1646.0 729.8

      1645.3 729.8

      1645.1 729.8

      1645.3 729.8

      1645.3 729.8

      1650.1 729.8

      1651.6 729.8

      1651.5 729.8

      1648.0 729.8

      1650.5 729.8

      1647.5 729.8

      1649.0 729.8

      1650.4 729.8

      1651.6 729.8

      1651.6 729.8

      1646.4 729.8

      1647.7 729.8

      1647.0 729.8

      1648.9 729.8

      1649.7 729.8

      1651.6 729.8

      1651.7 729.8

      1647.7 729.8

      1651.6 729.8

      1651.1 729.8

      1648.9 729.8

      1649.1 729.8

      1656.1 729.8

      1655.0 729.8

      1646.3 729.8

      1647.5 729.8

      1645.5 729.8

      1645.5 729.8

      1650.6 729.8

      1656.1 729.8

      1651.6 729.8

      1645.6 729.8

      1645.6 729.8

      1646.2 729.8

      1645.6 729.8

      1649.7 729.8

      1656.0 729.8

      1651.6 729.8

      1647.4 729.8

      1647.4 729.8

      1648.6 729.8

      1646.3 729.8

      1650.7 729.8

      1658.4 729.8

      1654.9 729.8

      1646.2 729.8

      1646.2 729.8

      1646.8 729.8

      1647.0 729.8

      1652.4 729.8

      1656.2 729.8

      1656.1 729.8

      1646.3 729.8

      1646.3 729.8

      1646.2 729.8

      1647.2 729.8

      1652.7 729.8

      1656.1 729.8

      1656.0 729.8

      1648.1 729.8

      1648.8 729.8

      1650.6 729.8

      1651.5 729.8

      1654.3 729.8

      1657.1 729.8

      1656.1 729.8

      1646.9 729.8

      1647.8 729.8

      1649.4 729.8

      1650.7 729.8

      1654.3 729.8

      1657.9 729.8

      1657.1 729.8

      1648.7 729.8

      1647.8 729.8

      1647.2 729.8

      1647.9 729.8

      1654.3 729.8

      1657.1 729.8

      1657.3 729.8

      1649.8 729.8

      1650.7 729.8

      1651.5 729.8

      1652.5 729.8

      1654.6 729.8

      1656.6 729.8

      1657.1 729.8

      1647.6 729.8

      1648.5 729.8

      1651.9 729.8

      1650.0 729.8

      1652.6 729.8

      1656.4 729.8

      1657.6 729.8

      1647.5 729.8

      1648.5 729.8

      1651.8 729.8

      1652.1 729.8

      1652.1 729.8

      1656.4 729.8

      1656.4 729.8

      1647.6 729.8

      1647.3 729.8

      1651.9 729.8

      1652.1 729.8

      1652.1 729.8

      1657.9 729.8

      1656.5 729.8

      1648.2 729.8

      1647.9 729.8

      1653.0 730.0

      1654.6 730.0

      1655.2 730.0

      1658.7 730.0

      1659.8 730.0

      1650.9 730.0

      1650.9 730.0

      1654.1 730.0

      1656.7 730.0

      1658.0 730.0

      1658.7 730.0

      1658.7 730.0

      1651.0 730.0

      1650.9 730.0

      1654.8 730.0

      1655.8 730.0

      1654.1 730.0

      1657.6 730.0

      1658.2 730.0

      1649.7 730.0

      1652.5 730.0

      1654.8 730.0

      1658.0 730.0

      1656.4 730.0

      1657.6 730.0

      1656.5 730.0

      1649.9 730.0

      1653.3 730.0

      1654.2 730.0

      1655.0 730.0

      1657.6 730.0

      1657.5 730.0

      1657.5 730.0

      1652.9 730.0

      1650.7 730.0

      1654.1 730.0

      1654.3 730.0

      1654.3 730.0

      1657.6 730.0

      1657.6 730.0

      1650.7 730.3

      1653.5 730.3

      1653.3 730.3

      1653.5 730.3

      1655.1 730.3

      1657.9 730.3

      1656.8 730.3

      1652.4 730.3

      1650.5 730.3

      1652.5 730.3

      1653.6 730.3

      1653.6 730.3

      1656.8 730.3

      1656.8 730.3

      1652.2 730.3

      1650.0 730.3

      1652.3 730.3

      1653.4 730.3

      1653.5 730.3

      1657.8 730.3

      1656.7 730.3

      1652.0 730.3

      1650.0 730.3

      1653.8 730.3

      1652.3 730.3

      1653.6 730.3

      1657.9 730.3

      1656.8 730.3

      1651.8 730.3

      1650.6 730.3

      1653.2 730.3

      1654.3 730.3

      1653.5 730.3

      1657.8 730.3

      1658.0 730.3

      1653.4 730.3

      1651.6 730.3

      1652.4 730.3

      1651.9 730.3

      1653.5 730.3

      1656.7 730.3

      1657.3 730.3

      1651.9 730.3

      1651.5 730.3

      1651.6 730.3

      1653.6 730.3

      1653.5 730.3

      1656.6 730.3

      1657.3 730.3

      1651.9 730.3

      1651.5 730.3

      1651.7 730.3

      1651.8 730.3

      1653.5 730.3

      1656.8 730.3

      1656.9 730.3

      1650.7 730.3

      1651.5 730.3

      1651.7 730.3

      1651.8 730.3

      1653.3 730.3

      1656.1 730.3

      1656.3 730.3

      1650.0 730.3

      1651.6 730.3

      1651.8 730.3

      1651.8 730.3

      1651.8 730.3

      1656.0 730.3

      1656.5 730.3

      1650.0 730.3

      1650.5 730.3

      1651.6 730.3

      1651.7 730.3

      1651.7 730.3

      1656.5 730.3

      1657.2 730.3

      1649.9 730.3

      1653.9 730.3

      1650.5 730.3

      1654.3 730.3

      1652.4 730.3

      1656.0 730.3

      1656.6 730.3

      1649.9 730.3

      1650.6 730.3

      1654.0 730.3

      1653.2 730.3

      1655.1 730.3

      1657.3 730.3

      1656.9 730.3

      1653.2 730.3

      1651.4 730.3

      1654.0 730.3

      1654.9 730.3

      1658.6 730.3

      1656.0 730.3

      1657.1 730.3

      1653.3 730.3

      1653.3 730.3

      1653.8 730.3

      1654.1 730.3

      1653.5 730.3

      1656.0 730.3

      1656.7 730.3

      1653.2 730.3

      1653.2 730.3

      1653.5 730.3

      1653.6 730.3

      1654.7 730.3

      1655.4 730.3

      1657.8 730.3

      1652.1 730.3

      1652.2 730.3

      1654.1 730.3

      1654.6 730.3

      1655.4 730.3

      1654.9 730.3

      1655.4 730.3

      1653.9 730.3

      1651.5 730.3

      1653.4 730.3

      1654.0 730.3

      1655.0 730.3

      1648.4 730.3

      1647.9 730.3

      1646.0 730.3

      1645.1 730.3

      1646.9 730.3

      1647.7 730.3

      1647.0 730.3

      1648.3 730.3

      1649.6 730.3

      1643.6 730.3

      1645.2 730.3

      1647.9 730.3

      1645.7 730.3

      1646.6 730.3

      1648.4 730.3

      1648.4 730.3

      1641.5 730.3

      1645.7 730.3

      1645.1 730.3

      1646.1 730.3

      1645.4 730.3

      1651.8 730.3

      1648.3 730.3

      1641.5 730.3

      1641.5 730.3

      1645.0 730.3

      1645.2 730.3

      1645.7 730.3

      1651.3 730.3

      1648.0 730.3

      1641.5 730.3

      1641.6 730.3

      1646.6 730.3

      1645.3 730.3

      1645.8 730.3

      1650.5 730.3

      1647.2 730.3

      1641.5 730.3

      1641.5 730.3

      1647.7 730.3

      1644.3 730.3

      1648.9 730.3

      1650.6 730.3

      1647.5 730.3

      1643.9 730.3

      1641.3 730.3

      1643.3 730.3

      1643.2 730.3

      1645.2 730.3

      1652.3 730.3

      1647.5 730.3

      1643.5 730.3

      1641.4 730.3

      1644.6 730.3

      1643.1 730.3

      1645.8 730.3

      1652.5 730.3

      1647.7 730.3

      1643.3 730.3

      1641.5 730.3

      1644.0 730.3

      1643.2 730.3

      1644.8 730.3

      1650.5 730.3

      1647.7 730.3

      1642.1 730.3

      1641.3 730.3

      1644.4 730.3

      1643.0 730.3

      1644.9 730.3

      1650.5 730.3

      1649.9 730.3

      1643.5 730.3

      1641.8 730.3

      1643.1 730.3

      1643.7 730.3

      1643.2 730.3

      1651.8 730.3

      1650.9 730.3

      1641.5 730.3

      1642.0 730.3

      1643.2 730.3

      1643.7 730.3

      1643.2 730.3

      1651.8 730.3

      1647.2 730.3

      1641.4 730.3

      1641.6 730.3

      1643.2 730.3

      1643.3 730.3

      1643.8 730.3

      1648.2 730.3

      1644.1 730.3

      1640.1 730.3

      1641.6 730.3

      1641.9 730.3

      1642.1 730.3

      1642.5 730.3

      1648.1 730.3

      1644.0 730.3

      1640.2 730.3

      1640.2 730.3

      1645.0 730.3

      1646.3 730.3

      1647.4 730.3

      1649.4 730.3

      1647.2 730.3

      1641.7 730.3

      1643.1 730.3

      1640.2 730.3

      1645.3 730.3

      1645.4 730.3

      1650.5 730.3

      1647.6 730.3

      1642.4 730.3

      1641.7 730.3

      1644.7 730.3

      1642.2 730.3

      1642.8 730.3

      1650.5 730.3

      1648.2 730.3

      1642.7 730.3

      1641.7 730.3

      1643.5 730.3

      1643.9 730.3

      1643.9 730.3

      1650.5 730.3

      1648.7 730.3

      1641.8 730.3

      1642.2 730.3

      1644.0 730.3

      1645.2 730.3

      1645.8 730.3

      1650.6 730.3

      1648.8 730.3

      1641.8 730.3

      1642.5 730.3

      1642.0 730.3

      1644.3 730.3

      1643.9 730.3

      1650.6 730.3

      1649.0 730.3

      1641.8 730.3

      1642.5 730.3

      1642.0 730.3

      1642.0 730.3

      1643.4 730.3

      1638.0 730.3

      1637.0 730.3

      1629.1 730.3

      1629.8 730.3

      1629.3 730.3

      1629.3 730.3

      1632.5 730.3

      1637.9 730.3

      1636.1 730.3

      1629.2 730.3

      1629.9 730.3

      1629.4 730.3

      1629.4 730.3

      1629.9 730.3

      1638.0 730.3

      1637.2 730.3

      1630.6 730.3

      1633.0 730.3

      1631.4 730.3

      1629.4 730.3

      1629.4 730.3

      1638.0 730.3

      1637.1 730.3

      1629.4 730.3

      1629.4 730.3

      1630.1 730.3

      1629.3 730.3

      1629.4 730.3

      1637.9 730.3

      1637.1 730.3

      1629.2 730.3

      1629.3 730.3

      1631.0 730.3

      1629.5 730.3

      1629.3 730.3

      1637.9 730.3

      1635.5 730.3

      1629.4 730.3

      1629.4 730.3

      1629.4 730.3

      1629.9 730.3

      1629.4 730.3

      1637.0 730.3

      1634.1 730.3

      1628.4 730.3

      1628.9 730.3

      1628.5 730.3

      1628.7 730.3

      1628.5 730.3

      1637.0 730.3

      1633.5 730.3

      1628.2 730.3

      1628.9 730.3

      1630.1 730.3

      1628.3 730.3

      1629.1 730.3

      1639.7 730.3

      1638.6 730.3

      1631.9 730.3

      1632.2 730.3

      1632.2 730.3

      1633.7 730.3

      1635.6 730.3

      1639.7 730.3

      1635.4 730.3

      1632.1 730.3

      1632.5 730.3

      1633.8 730.3

      1634.5 730.3

      1637.2 730.3

      1640.8 730.3

      1635.0 730.3

      1632.2 730.3

      1633.7 730.3

      1636.8 730.3

      1635.5 730.3

      1633.8 730.3

      1640.7 730.3

      1639.0 730.3

      1632.3 730.3

      1632.9 730.3

      1634.6 730.3

      1635.6 730.3

      1633.8 730.3

      1643.0 730.3

      1639.1 730.3

      1633.9 730.3

      1635.6 730.3

      1634.1 730.3

      1634.1 730.3

      1634.6 730.3

      1642.0 730.3

      1638.4 730.3

      1634.6 730.3

      1636.2 730.3

      1635.4 730.3

      1636.1 730.3

      1634.7 730.3

      1640.8 730.3

      1639.0 730.3

      1634.2 730.3

      1634.0 730.3

      1635.6 730.3

      1634.8 730.3

      1634.0 730.3

      1642.6 730.3

      1639.0 730.3

      1634.1 730.3

      1634.1 730.3

      1634.7 730.3

      1634.1 730.3

      1634.3 730.3

      1643.0 730.3

      1639.4 730.3

      1634.0 730.3

      1634.0 730.3

      1634.6 730.3

      1634.0 730.3

      1634.0 730.3

      1643.0 730.3

      1638.4 730.3

      1634.5 730.3

      1634.1 730.3

      1634.5 730.3

      1634.1 730.3

      1634.1 730.3

      1643.0 730.3

      1638.4 730.3

      1633.7 730.3

      1634.1 730.3

      1635.6 730.3

      1634.8 730.3

      1634.0 730.3

      1642.0 730.3

      1638.3 730.3

      1632.2 730.3

      1633.8 730.3

      1634.8 730.3

      1634.0 730.3

      1636.3 730.3

      1642.9 730.3

      1638.3 730.3

      1634.2 730.3

      1633.6 730.3

      1635.5 730.3

      1636.5 730.3

      1637.8 730.3

      1641.8 730.3

      1638.2 730.3

      1633.9 730.3

      1632.3 730.3

      1636.4 730.3

      1635.2 730.3

      1635.8 730.3

      1640.7 730.3

      1639.9 730.3

      1632.2 730.3

      1634.5 730.3

      1635.4 730.3

      1635.4 730.3

      1636.0 730.3

      1640.8 730.3

      1639.4 730.3

      1632.2 730.3

      1633.9 730.3

      1634.5 730.3

      1634.6 730.3

      1636.0 730.3

      1641.8 730.3

      1639.3 730.3

      1632.2 730.3

      1633.7 730.3

      1633.9 730.3

      1637.2 730.3

      1634.0 730.3

      1641.8 730.3

      1639.3 730.3

      1632.2 730.3

      1633.8 730.3

      1634.2 730.3

      1634.6 730.3

      1636.6 730.3

      1642.0 730.3

      1639.5 730.3

      1633.2 730.3

      1633.7 730.3

      1634.2 730.3

      1635.6 730.3

      1634.7 730.3

      1641.9 730.3

      1639.5 730.3

      1636.8 730.3

      1636.2 730.3

      1639.1 730.3

      1636.3 730.3

      1635.6 730.3

      1641.8 730.3

      1639.4 730.3

      1634.8 730.3

      1634.8 730.3

      1634.2 730.3

      1635.6 730.3

      1635.8 730.3

      1641.8 730.3

      1639.4 730.3

      1634.0 730.3

      1634.1 730.3

      1634.6 730.3

      1637.2 730.3

      1634.1 730.3

      1641.9 730.3

      1639.5 730.3

      1635.9 730.3

      1635.5 730.3

      1636.0 730.3

      1637.9 730.3

      1637.2 730.3

      1639.7 730.3

      1639.2 730.3

      1635.5 730.3

      1635.5 730.3

      1636.0 730.3

      1638.8 730.3

      1638.0 730.3

      1639.6 730.3

      1639.2 730.3

      1635.5 730.3

      1635.5 730.3

      1635.5 730.3

      1638.0 730.3

      1640.5 730.3

      1639.6 730.3

      1639.2 730.3

      1636.6 730.3

      1635.5 730.3

      1635.5 730.3

      1639.8 730.3

      1640.1 730.3

      1639.5 730.3

      1639.1 730.3

      1635.0 730.3

      1633.9 730.3

      1633.9 730.3

      1638.3 730.3

      1639.1 730.3

      1638.0 730.3

      1637.7 730.3

      1635.1 730.3

      1633.9 730.3

      1633.9 730.3

      1638.2 730.3

      1638.5 730.3

      1638.0 730.3

      1637.7 730.3

      1633.9 730.3

      1634.3 730.3

      1633.9 730.3

      1638.3 730.3

      1638.5 730.3

      1639.0 730.3

      1637.6 730.3

      1635.1 730.3

      1635.3 730.3

      1633.9 730.3

      1638.2 730.3

      1638.5 730.3

      1636.3 730.3

      1637.6 730.3

      1635.0 730.3

      1635.1 730.3

      1633.9 730.3

      1638.2 730.3

      1637.9 730.3

      1636.2 730.3

      1637.6 730.3

      1634.9 730.3

      1633.8 730.3

      1633.9 730.3

      1638.2 730.3

      1637.9 730.3

      1636.3 730.3

      1637.7 730.3

      1635.1 730.3

      1635.5 730.3

      1633.9 730.3

      1638.3 730.3

      1637.9 730.3

      1636.3 730.3

      1637.6 730.3

      1635.1 730.3

      1635.1 730.3

      1634.2 730.3

      1637.3 730.3

      1637.5 730.3

      1636.1 730.3

      1637.6 730.3

      1635.0 730.3

      1635.1 730.3

      1633.9 730.3

      1637.3 730.3

      1636.8 730.3

      1636.0 730.3

      1637.7 730.3

      1635.1 730.3

      1635.1 730.3

      1635.6 730.3

      1636.8 730.3

      1635.6 730.3

      1636.0 730.3

      1637.6 730.3

      1635.1 730.3

      1635.1 730.3

      1635.0 730.3

      1636.8 730.3

      1635.6 730.3

      1636.1 730.3

      1637.6 730.3

      1635.1 730.3

      1635.1 730.3

      1635.0 730.3

      1636.8 730.3

      1634.6 730.3

      1636.1 730.3

      1637.6 730.3

      1635.1 730.3

      1635.1 730.3

      1635.1 730.3

      1636.8 730.3

      1634.6 730.3

      1636.1 730.3

      1637.6 730.3

      1635.0 730.3

      1635.1 730.3

      1635.5 730.3

      1636.8 730.3

      1634.5 730.3

      1636.0 730.3

      1637.9 730.3

      1636.8 730.3

      1635.0 730.3

      1637.3 730.3

      1636.5 730.3

      1636.8 730.3

      1636.1 730.3

      1638.0 730.3

      1636.7 730.3

      1633.9 730.3

      1636.8 730.3

      1636.5 730.3

      1636.8 730.3

      1636.1 730.3

      1638.4 730.3

      1636.7 730.3

      1633.8 730.3

      1636.7 730.3

      1636.5 730.3

      1636.8 730.3

      1636.1 730.3

      1638.0 730.3

      1640.2 730.3

      1633.9 730.3

      1636.9 730.3

      1635.6 730.3

      1636.7 730.3

      1635.0 730.3

      1638.2 730.3

      1637.1 730.3

      1637.1 730.3

      1638.1 730.3

      1636.2 730.3

      1638.2 730.3

      1635.6 730.3

      1636.6 730.3

      1637.1 730.3

      1637.2 730.3

      1638.4 730.3

      1636.5 730.3

      1637.2 730.3

      1637.1 730.3

      1637.9 730.3

      1637.3 730.3

      1637.3 730.3

      1637.4 730.3

      1640.2 730.3

      1638.3 730.3

      1637.0 730.3

      1638.8 730.3

      1637.2 730.3

      1637.5 730.3

      1638.1 730.3

      1638.4 730.3

      1639.2 730.3

      1637.4 730.3

      1637.7 730.3

      1635.7 730.3

      1638.3 730.3

      1637.3 730.3

      1638.3 730.3

      1639.0 730.3

      1637.4 730.3

      1639.2 730.3

      1635.7 730.3

      1637.3 730.3

      1638.3 730.3

      1638.4 730.3

      1638.1 730.3

      1635.5 730.3

      1637.7 730.3

      1636.9 730.3

      1637.4 730.3

      1637.4 730.3

      1637.4 730.3

      1637.6 730.3

      1635.5 730.3

      1637.7 730.3

      1636.8 730.3

      1637.6 730.3

      1637.6 730.3

      1637.4 730.3

      1636.8 730.3

      1635.4 730.3

      1638.3 730.3

      1635.7 730.3

      1637.6 730.3

      1637.5 730.3

      1637.5 730.3

      1636.8 730.3

      1635.5 730.3

      1638.3 730.3

      1635.6 730.3

      1638.4 730.3

      1637.4 730.3

      1637.4 730.3

      1636.8 730.3

      1635.5 730.3

      1637.9 730.3

      1635.7 730.3

      1638.4 730.3

      1638.6 730.3

      1637.4 730.3

      1636.8 730.3

      1635.4 730.3

      1637.9 730.3

      1635.6 730.3

      1638.4 730.3

      1639.0 730.3

      1638.4 730.3

      1635.7 730.3

      1635.4 730.3

      1637.9 730.3

      1636.9 730.3

      1638.4 730.3

      1638.5 730.3

      1638.5 730.3

      1635.6 730.3

      1635.6 730.3

      1637.9 730.3

      1636.7 730.3

      1638.3 730.3

      1639.1 730.3

      1638.4 730.3

      1635.6 730.3

      1635.5 730.3

      1637.8 730.3

      1638.0 730.3

      1638.3 730.3

      1639.1 730.3

      1638.4 730.3

      1634.5 730.3

      1635.9 730.3

      1637.9 730.3

      1637.9 730.3

      1638.3 730.3

      1638.5 730.3

      1639.0 730.3

      1634.8 730.3

      1634.4 730.3

      1637.8 730.3

      1637.9 730.3

      1638.5 730.3

      1638.5 730.3

      1638.9 730.3

      1633.8 730.3

      1634.4 730.3

      1638.5 730.3

      1638.0 730.3

      1639.5 730.3

      1640.8 730.3

      1636.8 730.3

      1633.9 730.3

      1633.9 730.3

      1637.6 730.3

      1638.1 730.3

      1639.5 730.3

      1639.7 730.3

      1636.8 730.3

      1633.9 730.3

      1633.9 730.3

      1637.6 730.3

      1637.9 730.3

      1639.5 730.3

      1639.9 730.3

      1636.8 730.3

      1633.9 730.3

      1634.1 730.3

      1637.7 730.3

      1637.9 730.3

      1639.5 730.3

      1639.7 730.3

      1636.8 730.3

      1633.9 730.3

      1633.9 730.3

      1637.7 730.3

      1636.8 730.3

      1639.5 730.3

      1639.6 730.3

      1636.8 730.3

      1633.9 730.3

      1634.4 730.3

      1637.6 730.3

      1636.8 730.3

      1639.5 730.3

      1638.6 730.3

      1638.6 730.3

      1633.9 730.3

      1633.9 730.3

      1637.6 730.3

      1636.8 730.3

      1639.5 730.3

      1638.7 730.3

      1637.5 730.3

      1633.9 730.3

      1635.4 730.3

      1637.6 730.3

      1636.8 730.3

      1639.5 730.3

      1638.6 730.3

      1637.5 730.3

      1633.9 730.3

      1635.4 730.3

      1637.6 730.3

      1636.7 730.3

      1639.5 730.3

      1638.5 730.3

      1637.4 730.3

      1635.8 730.3

      1633.9 730.3

      1637.5 730.3

      1635.6 730.3

      1639.4 730.3

      1639.7 730.3

      1638.1 730.3

      1633.2 730.3

      1634.0 730.3

      1634.2 730.3

      1636.7 730.3

      1638.5 730.3

      1639.6 730.3

      1636.2 730.3

      1633.2 730.3

      1633.2 730.3

      1634.3 730.3

      1636.8 730.3

      1637.9 730.3

      1639.5 730.3

      1635.6 730.3

      1633.2 730.3

      1633.2 730.3

      1634.3 730.3

      1636.7 730.3

      1639.9 730.3

      1638.4 730.3

      1638.2 730.3

      1633.7 730.3

      1633.6 730.3

      1634.2 730.3

      1638.5 730.3

      1639.4 730.3

      1640.1 730.3

      1636.3 730.3

      1633.1 730.3

      1634.7 730.3

      1634.2 730.3

      1638.5 730.3

      1639.8 730.3

      1639.4 730.3

      1636.3 730.3

      1633.1 730.3

      1634.8 730.3

      1634.2 730.3

      1639.0 730.3

      1639.5 730.3

      1640.2 730.3

      1636.4 730.3

      1633.2 730.3

      1634.7 730.3

      1634.3 730.3

      1638.6 730.3

      1640.2 730.3

      1639.6 730.3

      1636.4 730.3

      1633.2 730.3

      1634.8 730.3

      1634.2 730.3

      1638.6 730.3

      1640.2 730.3

      1639.5 730.3

      1636.4 730.3

      1634.3 730.3

      1633.1 730.3

      1635.0 730.3

      1638.5 730.3

      1639.5 730.3

      1640.1 730.3

      1636.3 730.3

      1633.3 730.3

      1633.8 730.3

      1635.0 730.3

      1637.9 730.3

      1639.5 730.3

      1640.2 730.3

      1636.3 730.3

      1634.3 730.3

      1633.2 730.3

      1635.0 730.3

      1637.9 730.3

      1639.5 730.3

      1639.7 730.3

      1636.3 730.3

      1634.3 730.3

      1633.1 730.3

      1634.9 730.3

      1636.8 730.3

      1639.5 730.3

      1639.7 730.3

      1636.4 730.3

      1636.1 730.3

      1633.2 730.3

      1633.1 730.3

      1636.9 730.3

      1639.5 730.3

      1639.7 730.3

      1636.3 730.3

      1636.3 730.3

      1633.8 730.3

      1633.1 730.3

      1635.7 730.3

      1639.4 730.3

      1639.6 730.3

      1638.9 730.3

      1636.3 730.3

      1633.0 730.3

      1633.0 730.3

      1636.7 730.3

      1639.4 730.3

      1639.6 730.3

      1635.3 730.3

      1637.6 730.3

      1634.1 730.3

      1634.7 730.3

      1636.4 730.3

      1639.4 730.3

      1639.6 730.3

      1634.5 730.3

      1634.9 730.3

      1635.7 730.3

      1634.0 730.3

      1636.5 730.3

      1639.2 730.3

      1639.7 730.3

      1634.8 730.3

      1634.4 730.3

      1636.5 730.3

      1635.7 730.3

      1636.7 730.3

      1640.3 730.3

      1639.6 730.3

      1635.2 730.3

      1635.9 730.3

      1636.2 730.3

      1637.8 730.3

      1636.6 730.3

      1637.7 730.3

      1639.5 730.3

      1635.2 730.3

      1635.3 730.3

      1635.3 730.3

      1636.6 730.3

      1636.7 730.3

      1637.7 730.3

      1639.4 730.3

      1635.2 730.3

      1634.5 730.3

      1634.7 730.3

      1635.0 730.3

      1636.7 730.3

      1637.6 730.3

      1639.4 730.3

      1635.2 730.3

      1634.5 730.3

      1633.8 730.3

      1634.3 730.3

      1636.6 730.3

      1637.7 730.3

      1639.4 730.3

      1635.2 730.3

      1634.6 730.3

      1633.7 730.3

      1632.8 730.3

      1634.8 730.3

      1637.5 730.3

      1639.5 730.3

      1635.9 730.3

      1635.9 730.3

      1634.4 730.3

      1632.6 730.3

      1634.7 730.3

      1637.6 730.3

      1639.4 730.3

      1636.7 730.3

      1635.2 730.3

      1635.8 730.3

      1632.6 730.3

      1635.3 730.3

      1637.6 730.3

      1639.4 730.3

      1635.2 730.3

      1635.1 730.3

      1635.7 730.3

      1632.7 730.3

      1635.3 730.3

      1636.6 730.3

      1639.4 730.3

      1635.3 730.3

      1635.2 730.3

      1631.1 730.3

      1632.6 730.3

      1635.3 730.3

      1637.7 730.3

      1639.4 730.3

      1635.2 730.3

      1635.1 730.3

      1633.1 730.3

      1633.0 730.3

      1635.2 730.3

      1637.6 730.3

      1639.5 730.3

      1635.1 730.3

      1635.0 730.3

      1632.3 730.3

      1634.8 730.3

      1635.2 730.3

      1638.2 730.3

      1639.8 730.3

      1635.1 730.3

      1635.1 730.3

      1632.5 730.3

      1633.2 730.3

      1635.3 730.3

      1637.6 730.3

      1640.0 730.3

      1635.3 730.3

      1635.1 730.3

      1632.6 730.3

      1634.0 730.3

      1630.7 730.3

      1637.6 730.3

      1640.4 730.3

      1638.5 730.3

      1638.5 730.3

      1635.5 730.3

      1632.5 730.3

      1631.6 730.3

      1637.6 730.3

      1638.3 730.3

      1638.6 730.3

      1638.6 730.3

      1637.7 730.3

      1635.2 730.3

      1631.7 730.3

      1637.5 730.3

      1639.2 730.3

      1638.6 730.3

      1638.7 730.3

      1636.7 730.3

      1633.2 730.3

      1632.4 730.3

      1638.3 730.3

      1637.6 730.3

      1638.6 730.3

      1638.6 730.3

      1636.3 730.3

      1633.1 730.3

      1630.2 730.3

      1637.7 730.3

      1637.8 730.3

      1638.6 730.3

      1638.6 730.3

      1637.8 730.3

      1636.2 730.3

      1631.8 730.3

      1637.6 730.3

      1638.6 730.3

      1638.6 730.3

      1638.6 730.3

      1637.8 730.3

      1633.3 730.3

      1631.8 730.3

      1637.6 730.3

      1637.8 730.3

      1638.5 730.3

      1638.5 730.3

      1637.8 730.3

      1633.2 730.3

      1631.8 730.3

      1637.5 730.3

      1637.8 730.3

      1638.5 730.3

      1638.5 730.3

      1637.8 730.3

      1633.1 730.3

      1630.1 730.3

      1637.6 730.3

      1639.4 730.3

      1638.6 730.3

      1638.6 730.3

      1637.8 730.3

      1635.1 730.3

      1630.2 730.3

      1637.6 730.3

      1639.4 730.3

      1639.7 730.3

      1639.7 730.3

      1637.0 730.3

      1635.4 730.3

      1630.2 730.3

      1635.7 730.3

      1637.6 730.3

      1639.7 730.3

      1639.7 730.3

      1637.0 730.3

      1632.0 730.3

      1631.1 730.3

      1635.9 730.3

      1637.7 730.3

      1639.7 730.3

      1639.8 730.3

      1639.3 730.3

      1632.1 730.3

      1631.9 730.3

      1635.7 730.3

      1637.7 730.3

      1640.3 730.3

      1639.6 730.3

      1639.2 730.3

      1632.0 730.3

      1630.8 730.3

      1636.0 730.3

      1637.8 730.3

      1639.7 730.3

      1639.7 730.3

      1636.9 730.3

      1633.5 730.3

      1630.8 730.3

      1636.0 730.3

      1636.5 730.3

      1639.7 730.3

      1639.7 730.3

      1637.0 730.3

      1632.6 730.3

      1630.7 730.3

      1635.9 730.3

      1635.9 730.3

      1638.6 730.3

      1639.2 730.3

      1636.9 730.3

      1632.4 730.3

      1632.8 730.3

      1635.9 730.3

      1636.0 730.3

      1638.5 730.3

      1638.7 730.3

      1636.9 730.3

      1632.3 730.3

      1632.3 730.3

      1635.8 730.3

      1635.8 730.3

      1639.2 730.3

      1639.3 730.3

      1636.3 730.3

      1631.0 730.3

      1631.4 730.3

      1637.7 730.3

      1637.4 730.3

      1638.6 730.3

      1639.1 730.3

      1637.0 730.3

      1632.1 730.3

      1631.5 730.3

      1637.2 730.3

      1637.2 730.3

      1639.7 730.3

      1639.8 730.3

      1636.8 730.3

      1630.8 730.3

      1631.5 730.3

      1635.4 730.3

      1637.8 730.3

      1639.8 730.3

      1640.4 730.3

      1635.7 730.3

      1633.2 730.3

      1631.6 730.3

      1636.0 730.3

      1636.2 730.3

      1639.7 730.3

      1640.0 730.3

      1636.3 730.3

      1634.9 730.3

      1631.4 730.3

      1639.8 730.3

      1639.0 730.3

      1639.7 730.3

      1640.3 730.3

      1637.5 730.3

      1635.0 730.3

      1634.9 730.3

      1637.8 730.3

      1637.3 730.3

      1639.7 730.3

      1639.8 730.3

      1637.5 730.3

      1635.0 730.3

      1636.7 730.3

      1637.3 730.3

      1638.1 730.3

      1638.7 730.3

      1638.8 730.3

      1637.5 730.3

      1635.0 730.3

      1636.2 730.3

      1636.2 730.3

      1636.6 730.3

      1638.5 730.3

      1638.5 730.3

      1637.4 730.3

      1635.0 730.3

      1636.7 730.3

      1637.8 730.3

      1637.8 730.3

      1638.6 730.3

      1638.8 730.3

      1637.4 730.3

      1635.1 730.3

      1636.7 730.3

      1638.1 730.3

      1639.5 730.3

      1638.6 730.3

      1639.1 730.3

      1637.4 730.3

      1636.1 730.3

      1636.7 730.3

      1637.6 730.3

      1636.6 730.3

      1638.5 730.3

      1639.0 730.3

      1637.3 730.3

      1636.1 730.3

      1636.2 730.3

      1635.8 730.3

      1636.5 730.3

      1638.5 730.3

      1639.0 730.3

      1637.3 730.3

      1636.1 730.3

      1637.1 730.3

      1635.8 730.3

      1636.8 730.3

      1638.6 730.3

      1639.0 730.3

      1637.3 730.3

      1636.1 730.3

      1636.2 730.3

      1635.8 730.3

      1636.0 730.3

      1638.5 730.3

      1639.1 730.3

      1637.8 730.3

      1639.1 730.3

      1636.4 730.3

      1635.9 730.3

      1637.8 730.3

      1638.6 730.3

      1638.6 730.3

      1635.0 730.3

      1638.0 730.3

      1636.4 730.3

      1635.9 730.3

      1636.7 730.3

      1638.5 730.3

      1638.6 730.3

      1636.0 730.3

      1639.2 730.3

      1636.4 730.3

      1635.9 730.3

      1637.8 730.3

      1638.6 730.3

      1638.6 730.3

      1636.8 730.3

      1637.2 730.3

      1636.3 730.3

      1635.9 730.3

      1636.7 730.3

      1638.6 730.3

      1638.6 730.3

      1636.1 730.3

      1637.3 730.3

      1636.3 730.3

      1635.9 730.3

      1636.1 730.3

      1638.5 730.3

      1638.6 730.3

      1636.1 730.3

      1636.7 730.3

      1636.3 730.3

      1635.9 730.3

      1636.0 730.3

      1638.5 730.3

      1638.5 730.3

      1637.6 730.3

      1638.2 730.3

      1636.3 730.3

      1635.9 730.3

      1636.3 730.3

      1638.6 730.3

      1638.7 730.3

      1637.9 730.3

      1636.5 730.3

      1638.1 730.3

      1637.6 730.3

      1636.0 730.3

      1638.5 730.3

      1639.3 730.3

      1634.6 730.3

      1634.8 730.3

      1635.8 730.3

      1636.0 730.3

      1636.6 730.3

      1638.6 730.3

      1639.7 730.3

      1637.3 730.3

      1634.9 730.3

      1637.6 730.3

      1635.9 730.3

      1636.4 730.3

      1638.6 730.3

      1638.6 730.3

      1637.9 730.3

      1637.3 730.3

      1636.8 730.3

      1635.6 730.3

      1637.1 730.3

      1638.5 730.3

      1638.5 730.3

      1637.0 730.3

      1636.6 730.3

      1636.1 730.3

      1636.8 730.3

      1637.7 730.3

      1638.5 730.3

      1638.5 730.3

      1635.1 730.3

      1637.1 730.3

      1638.8 730.3

      1634.2 730.3

      1637.6 730.3

      1638.5 730.3

      1638.5 730.3

      1634.9 730.3

      1635.6 730.3

      1634.0 730.3

      1634.8 730.3

      1641.1 730.3

      1638.5 730.3

      1638.7 730.3

      1637.8 730.3

      1636.7 730.3

      1636.4 730.3

      1636.7 730.3

      1638.6 730.3

      1638.6 730.3

      1638.7 730.3

      1636.8 730.3

      1636.8 730.3

      1634.9 730.3

      1636.1 730.3

      1638.0 730.3

      1638.6 730.3

      1638.6 730.3

      1636.8 730.3

      1636.8 730.3

      1636.6 730.3

      1636.1 730.3

      1636.3 730.3

      1638.6 730.3

      1638.4 730.3

      1636.0 730.3

      1636.7 730.3

      1636.6 730.3

      1636.3 730.3

      1636.3 730.3

      1638.6 730.3

      1637.9 730.3

      1636.0 730.3

      1636.8 730.3

      1636.7 730.3

      1636.2 730.3

      1636.1 730.3

      1638.6 730.3

      1638.0 730.3

      1635.9 730.3

      1636.8 730.3

      1636.8 730.3

      1636.3 730.3

      1637.1 730.3

      1638.6 730.3

      1638.8 730.3

      1636.7 730.3

      1636.5 730.3

      1633.9 730.3

      1636.4 730.3

      1636.3 730.3

      1638.5 730.3

      1638.5 730.3

      1637.8 730.3

      1637.3 730.3

      1634.2 730.3

      1634.3 730.3

      1636.6 730.3

      1638.5 730.3

      1638.6 730.3

      1638.0 730.3

      1635.6 730.3

      1634.3 730.3

      1634.3 730.3

      1636.5 730.3

      1638.5 730.3

      1638.5 730.3

      1638.1 730.3

      1635.7 730.3

      1635.4 730.3

      1634.3 730.3

      1634.4 730.3

      1638.6 730.3

      1638.6 730.3

      1638.1 730.3

      1635.8 730.3

      1634.9 730.3

      1634.2 730.3

      1635.0 730.3

      1638.6 730.3

      1638.6 730.3

      1638.1 730.3

      1636.9 730.3

      1634.3 730.3

      1634.3 730.3

      1634.3 730.3

      1638.7 730.3

      1638.6 730.3

      1638.0 730.3

      1636.9 730.3

      1634.3 730.3

      1634.3 730.3

      1634.3 730.3

      1639.6 730.3

      1639.6 730.3

      1638.1 730.3

      1634.7 730.3

      1633.3 730.3

      1634.2 730.3

      1634.2 730.3

      1639.6 730.3

      1641.1 730.3

      1637.5 730.3

      1632.7 730.3

      1630.5 730.3

      1634.1 730.3

      1634.1 730.3

      1639.9 730.3

      1639.7 730.3

      1638.0 730.3

      1633.3 730.3

      1632.2 730.3

      1634.6 730.3

      1634.2 730.3

      1639.6 730.3

      1640.1 730.3

      1637.4 730.3

      1631.4 730.3

      1632.1 730.3

      1634.4 730.3

      1634.2 730.3

      1639.7 730.3

      1639.7 730.3

      1635.7 730.3

      1630.2 730.3

      1630.2 730.3

      1634.4 730.3

      1636.0 730.3

      1639.7 730.3

      1640.2 730.3

      1636.8 730.3

      1632.3 730.3

      1632.2 730.3

      1637.6 730.3

      1634.4 730.3

      1641.2 730.3

      1639.6 730.3

      1635.6 730.3

      1630.8 730.3

      1632.4 730.3

      1633.8 730.3

      1635.9 730.3

      1639.7 730.3

      1639.9 730.3

      1634.6 730.3

      1630.6 730.3

      1632.3 730.3

      1636.1 730.3

      1634.7 730.3

      1639.2 730.3

      1638.6 730.3

      1634.5 730.3

      1630.6 730.3

      1635.3 730.3

      1634.2 730.3

      1634.2 730.3

      1638.6 730.3

      1638.7 730.3

      1636.7 730.3

      1630.4 730.3

      1633.0 730.3

      1634.2 730.3

      1634.3 730.3

      1638.6 730.3

      1639.0 730.3

      1636.7 730.3

      1631.9 730.3

      1634.9 730.3

      1634.7 730.3

      1634.3 730.3

      1638.5 730.3

      1639.1 730.3

      1636.6 730.3

      1631.9 730.3

      1634.5 730.3

      1634.1 730.3

      1634.9 730.3

      1638.7 730.3

      1638.5 730.3

      1637.2 730.3

      1631.9 730.3

      1633.8 730.3

      1634.2 730.3

      1634.2 730.3

      1639.3 730.3

      1638.5 730.3

      1637.3 730.3

      1631.5 730.3

      1632.9 730.3

      1634.1 730.3

      1634.6 730.3

      1637.5 730.3

      1639.0 730.3

      1637.1 730.3

      1631.5 730.3

      1632.4 730.3

      1633.9 730.3

      1634.6 730.3

      1637.4 730.3

      1637.5 730.3

      1635.3 730.3

      1632.0 730.3

      1632.4 730.3

      1632.3 730.3

      1634.1 730.3

      1638.6 730.3

      1637.5 730.3

      1637.2 730.3

      1630.9 730.3

      1632.4 730.3

      1632.4 730.3

      1634.0 730.3

      1638.6 730.3

      1637.4 730.3

      1637.2 730.3

      1630.9 730.3

      1631.1 730.3

      1632.4 730.3

      1632.4 730.3

      1638.6 730.3

      1638.5 730.3

      1637.4 730.3

      1630.1 730.3

      1630.5 730.3

      1632.3 730.3

      1632.4 730.3

      1638.6 730.3

      1638.6 730.3

      1639.0 730.3

      1628.8 730.3

      1631.3 730.3

      1633.1 730.3

      1632.3 730.3

      1638.5 730.3

      1638.6 730.3

      1638.8 730.3

      1628.7 730.3

      1631.3 730.3

      1630.5 730.3

      1632.3 730.3

      1638.5 730.3

      1638.5 730.3

      1637.9 730.3

      1631.0 730.3

      1628.8 730.3

      1631.7 730.3

      1632.3 730.3

      1638.5 730.3

      1638.5 730.3

      1637.1 730.3

      1630.4 730.3

      1630.7 730.3

      1630.6 730.3

      1633.0 730.3

      1638.6 730.3

      1638.6 730.3

      1637.2 730.3

      1630.3 730.3

      1630.5 730.3

      1630.5 730.3

      1632.2 730.3

      1638.5 730.3

      1638.5 730.3

      1637.4 730.3

      1630.4 730.3

      1630.6 730.3

      1630.5 730.3

      1632.2 730.3

      1638.6 730.3

      1638.6 730.3

      1637.2 730.3

      1628.8 730.3

      1630.4 730.3

      1630.5 730.3

      1632.1 730.3

      1638.5 730.3

      1637.9 730.3

      1637.1 730.3

      1628.8 730.3

      1631.0 730.3

      1630.9 730.3

      1632.1 730.3

      1638.5 730.3

      1637.9 730.3

      1637.1 730.3

      1630.2 730.3

      1628.7 730.3

      1632.0 730.3

      1632.1 730.3

      1638.6 730.3

      1637.9 730.3

      1637.3 730.3

      1629.3 730.3

      1631.2 730.3

      1632.5 730.3

      1632.8 730.3

      1638.5 730.3

      1637.8 730.3

      1638.2 730.3

      1630.3 730.3

      1629.3 730.3

      1634.4 730.3

      1635.5 730.3

      1638.5 730.3

      1637.9 730.3

      1639.4 730.3

      1628.8 730.3

      1631.3 730.3

      1630.8 730.3

      1635.9 730.3

      1638.5 730.3

      1638.5 730.3

      1641.2 730.3

      1630.3 730.3

      1632.1 730.3

      1632.3 730.3

      1633.5 730.3

      1638.6 730.3

      1638.6 730.3

      1639.7 730.3

      1630.4 730.3

      1632.2 730.3

      1634.1 730.3

      1632.5 730.3

      1638.0 730.3

      1638.1 730.3

      1637.9 730.3

      1630.3 730.3

      1632.1 730.3

      1632.3 730.3

      1632.4 730.3

      1638.0 730.3

      1638.2 730.3

      1638.0 730.3

      1630.4 730.3

      1632.1 730.3

      1632.5 730.3

      1632.3 730.3

      1637.8 730.3

      1638.1 730.3

      1637.9 730.3

      1630.3 730.3

      1632.1 730.3

      1632.5 730.3

      1632.4 730.3

      1637.9 730.3

      1638.4 730.3

      1637.9 730.3

      1630.4 730.3

      1632.1 730.3

      1632.9 730.3

      1633.1 730.3

      1637.9 730.3

      1638.4 730.3

      1637.9 730.3

      1632.5 730.3

      1632.2 730.3

      1632.5 730.3

      1632.4 730.3

      1637.9 730.3

      1638.9 730.3

      1637.8 730.3

      1630.5 730.3

      1633.2 730.3

      1632.4 730.3

      1632.4 730.3

      1637.9 730.3

      1638.5 730.3

      1637.9 730.3

      1631.1 730.3

      1632.0 730.3

      1634.0 730.3

      1632.3 730.3

      1638.6 730.3

      1638.6 730.3

      1639.1 730.3

      1630.3 730.3

      1630.4 730.3

      1631.1 730.3

      1632.3 730.3

      1638.6 730.3

      1639.1 730.3

      1638.3 730.3

      1630.4 730.3

      1630.6 730.3

      1630.6 730.3

      1633.8 730.3

      1641.3 730.3

      1638.6 730.3

      1636.7 730.3

      1632.3 730.3

      1633.9 730.3

      1630.6 730.3

      1633.9 730.3

      1637.9 730.3

      1638.3 730.3

      1636.7 730.3

      1631.4 730.3

      1633.2 730.3

      1630.5 730.3

      1636.4 730.3

      1638.0 730.3

      1638.6 730.3

      1636.6 730.3

      1633.9 730.3

      1633.4 730.3

      1630.6 730.3

      1636.1 730.3

      1638.3 730.3

      1639.7 730.3

      1636.7 730.3

      1632.7 730.3

      1633.8 730.3

      1632.3 730.3

      1638.1 730.3

      1637.9 730.3

      1638.6 730.3

      1636.8 730.3

      1632.7 730.3

      1632.0 730.3

      1632.9 730.3

      1636.5 730.3

      1638.5 730.3

      1637.9 730.3

      1636.7 730.3

      1634.1 730.3

      1631.9 730.3

      1632.0 730.3

      1637.3 730.3

      1637.8 730.3

      1638.3 730.3

      1636.7 730.3

      1633.2 730.3

      1631.9 730.3

      1632.0 730.3

      1637.9 730.3

      1634.8 730.3

      1635.4 730.3

      1633.7 730.3

      1630.0 730.3

      1629.4 730.3

      1628.8 730.3

      1633.4 730.3

      1634.8 730.3

      1635.0 730.3

      1633.7 730.3

      1632.7 730.3

      1633.4 730.3

      1632.0 730.3

      1637.6 730.3

      1637.9 730.3

      1638.3 730.3

      1636.9 730.3

      1635.1 730.3

      1634.6 730.3

      1631.9 730.3

      1637.6 730.3

      1634.5 730.3

      1635.0 730.3

      1634.5 730.3

      1628.8 730.3

      1630.7 730.3

      1628.6 730.3

      1634.0 730.3

      1635.2 730.3

      1636.4 730.3

      1634.5 730.3

      1629.1 730.3

      1629.6 730.3

      1628.5 730.3

      1634.1 730.3

      1635.1 730.3

      1636.5 730.3

      1635.0 730.3

      1632.4 730.3

      1633.1 730.3

      1631.9 730.3

      1637.4 730.3

      1638.4 730.3

      1638.4 730.3

      1638.4 730.3

      1632.6 730.3

      1633.1 730.3

      1631.9 730.3

      1637.4 730.3

      1638.4 730.3

      1638.4 730.3

      1639.3 730.3

      1633.0 730.3

      1632.4 730.3

      1631.9 730.3

      1637.5 730.3

      1638.5 730.3

      1638.5 730.3

      1640.9 730.3

      1633.0 730.3

      1632.5 730.3

      1631.8 730.3

      1637.4 730.3

      1638.4 730.3

      1639.2 730.3

      1639.0 730.3

      1633.1 730.3

      1633.9 730.3

      1631.8 730.3

      1637.8 730.3

      1638.4 730.3

      1638.4 730.3

      1638.4 730.3

      1633.1 730.3

      1632.6 730.3

      1632.7 730.3

      1638.9 730.3

      1638.5 730.3

      1638.5 730.3

      1638.8 730.3

      1633.1 730.3

      1632.7 730.3

      1632.7 730.3

      1638.0 730.3

      1638.5 730.3

      1639.6 730.3

      1639.0 730.3

      1633.3 730.3

      1632.6 730.3

      1632.1 730.3

      1637.6 730.3

      1638.5 730.3

      1639.9 730.3

      1637.2 730.3

      1633.1 730.3

      1631.9 730.3

      1632.1 730.3

      1638.3 730.3

      1640.2 730.3

      1638.5 730.3

      1636.8 730.3

      1633.1 730.3

      1632.0 730.3

      1632.6 730.3

      1637.6 730.3

      1638.4 730.3

      1638.4 730.3

      1633.8 730.3

      1633.0 730.3

      1634.7 730.3

      1635.4 730.3

      1640.1 730.3

      1636.9 730.3

      1638.4 730.3

      1633.8 730.3

      1633.3 730.3

      1634.7 730.3

      1636.1 730.3

      1639.5 730.3

      1636.8 730.3

      1637.4 730.3

      1633.8 730.3

      1636.1 730.3

      1637.2 730.3

      1636.4 730.3

      1637.8 730.3

      1636.7 730.3

      1637.3 730.3

      1633.7 730.3

      1637.1 730.3

      1639.0 730.3

      1638.2 730.3

      1641.2 730.3

      1636.7 730.3

      1636.9 730.3

      1633.7 730.3

      1637.1 730.3

      1638.2 730.3

      1638.9 730.3

      1640.8 730.3

      1636.7 730.3

      1636.8 730.3

      1633.7 730.3

      1637.1 730.3

      1638.2 730.3

      1638.9 730.3

      1639.2 730.3

      1636.7 730.3

      1637.1 730.3

      1633.7 730.3

      1637.0 730.3

      1638.2 730.3

      1638.9 730.3

      1639.4 730.3

      1635.2 730.3

      1635.2 730.3

      1632.3 730.3

      1635.6 730.3

      1636.7 730.3

      1637.6 730.3

      1637.9 730.3

      1636.3 730.3

      1633.4 730.3

      1632.3 730.3

      1633.8 730.3

      1636.7 730.3

      1636.7 730.3

      1637.9 730.3

      1634.8 730.3

      1635.0 730.3

      1634.2 730.3

      1632.2 730.3

      1636.7 730.3

      1636.9 730.3

      1637.9 730.3

      1633.7 730.3

      1633.6 730.3

      1635.0 730.3

      1632.2 730.3

      1636.8 730.3

      1637.0 730.3

      1637.9 730.3

      1633.6 730.3

      1633.6 730.3

      1634.9 730.3

      1632.3 730.3

      1636.8 730.3

      1637.1 730.3

      1637.9 730.3

      1633.7 730.3

      1633.7 730.3

      1634.6 730.3

      1635.5 730.3

      1636.9 730.3

      1636.4 730.3

      1637.9 730.3

      1635.9 730.3

      1633.6 730.3

      1635.1 730.3

      1632.5 730.3

      1636.9 730.3

      1636.3 730.3

      1637.9 730.3

      1638.1 730.3

      1637.2 730.3

      1637.6 730.3

      1635.1 730.3

      1636.4 730.3

      1636.4 730.3

      1638.6 730.3

      1638.1 730.3

      1638.2 730.3

      1636.1 730.3

      1636.7 730.3

      1637.8 730.3

      1637.8 730.3

      1638.6 730.3

      1639.3 730.3

      1639.6 730.3

      1633.8 730.3

      1634.3 730.3

      1637.7 730.3

      1637.8 730.3

      1637.5 730.3

      1639.3 730.3

      1639.7 730.3

      1633.8 730.3

      1634.2 730.3

      1638.8 730.3

      1640.4 730.3

      1639.6 730.3

      1639.4 730.3

      1639.5 730.3

      1635.3 730.3

      1634.3 730.3

      1636.1 730.3

      1636.6 730.3

      1637.9 730.3

      1637.9 730.3

      1638.0 730.3

      1632.1 730.3

      1632.1 730.3

      1636.3 730.3

      1636.1 730.3

      1637.9 730.3

      1637.5 730.3

      1636.8 730.3

      1632.1 730.3

      1632.2 730.3

      1638.2 730.3

      1636.6 730.3

      1637.9 730.3

      1637.3 730.3

      1636.8 730.3

      1632.1 730.3

      1632.8 730.3

      1636.5 730.3

      1636.8 730.3

      1638.5 730.3

      1635.7 730.3

      1636.8 730.3

      1632.0 730.3

      1632.0 730.3

      1636.5 730.3

      1636.7 730.3

      1639.3 730.3

      1637.4 730.3

      1637.3 730.3

      1633.6 730.3

      1633.7 730.3

      1637.4 730.3

      1638.4 730.3

      1639.5 730.3

      1635.9 730.3

      1636.1 730.3

      1632.3 730.3

      1632.3 730.3

      1635.9 730.3

      1634.0 730.3

      1637.7 730.3

      1636.7 730.3

      1636.0 730.3

      1635.0 730.3

      1634.1 730.3

      1636.3 730.3

      1636.9 730.3

      1639.6 730.3

      1637.4 730.3

      1637.9 730.3

      1639.5 730.3

      1633.1 730.3

      1635.8 730.3

      1634.2 730.3

      1639.6 730.3

      1637.4 730.3

      1638.2 730.3

      1637.1 730.3

      1636.0 730.3

      1634.2 730.3

      1634.2 730.3

      1639.6 730.3

      1625.1 730.3

      1625.7 730.3

      1617.9 730.3

      1611.2 730.3

      1615.4 730.3

      1614.5 730.3

      1602.9 730.3

      1586.5 730.3

      1587.1 730.3

      1578.8 730.3

      1573.1 730.3

      1576.5 730.3

      1575.9 730.3

      1566.8 730.3

      1550.8 730.3

      1550.3 730.3

      1538.8 730.3

      1531.8 730.3

      1533.8 730.3

      1533.0 730.3

      1528.2 730.3

      1513.0 730.3

      1513.6 730.3

      1500.7 730.3

      1494.0 730.3

      1493.0 730.3

      1493.6 730.3

      1491.5 730.3

      1476.8 730.3

      1476.3 730.3

      1462.5 730.3

      1459.8 730.3

      1456.6 730.3

      1455.7 730.3

      1454.2 730.3

      1441.6 730.3

      1442.5 730.3

      1422.2 730.3

      1422.3 730.3

      1420.6 730.3

      1419.0 730.3

      1419.4 730.3

      1405.2 730.3

      1405.6 730.3

      1385.1 730.3

      1384.5 730.3

      1384.2 730.3

      1382.7 730.3

      1382.1 730.3

      1368.6 730.3

      1369.2 730.3

      1346.9 730.3

      1346.3 730.3

      1348.4 730.3

      1348.2 730.3

      1345.5 730.3

      1332.6 730.3

      1333.2 730.3

      1311.5 730.3

      1311.0 730.3

      1309.3 730.3

      1307.7 730.3

      1308.4 730.3

      1297.0 730.3

      1296.4 730.3

      1275.0 730.3

      1275.7 730.3

      1273.4 730.3

      1271.2 730.3

      1271.1 730.3

      1260.4 730.3

      1259.8 730.3

      1237.6 730.3

      1237.0 730.3

      1236.9 730.3

      1232.2 730.3

      1234.9 730.3

      1223.0 730.3

      1222.5 730.3

      1201.4 730.3

      1200.8 730.3

      1198.1 730.3

      1196.2 730.3

      1197.5 730.3

      1186.4 730.3

      1185.9 730.3

      1163.8 730.3

      1164.4 730.3

      1159.7 730.3

      1158.9 730.3

      1159.9 730.3

      1148.5 730.3

      1149.1 730.3

      1127.4 730.3

      1126.8 730.3

      1125.1 730.3

      1121.6 730.3

      1123.3 730.3

      1112.1 730.3

      1111.6 730.3

      1089.4 730.3

      1089.9 730.3

      1088.5 730.3

      1088.6 730.3

      1084.7 730.3

      1076.5 730.3

      1077.7 730.3

      1053.0 730.3

      1053.5 730.3

      1051.7 730.3

      1049.4 730.3

      1047.9 730.3

      1040.7 730.3

      1040.1 730.3

      1016.3 730.3

      1017.2 730.3

      1012.9 730.3

      1010.0 730.3

      1011.2 730.3

      1003.4 730.3

      1004.6 730.3

      979.1 730.3

      978.9 730.3

      975.6 730.3

      973.6 730.3

      974.3 730.3

      967.1 730.3

      966.5 730.3

      943.3 730.3

      942.0 730.3

      937.6 730.3

      937.7 730.3

      938.7 730.3

      930.7 730.3

      931.3 730.3

      904.7 730.3

      904.2 730.3

      902.3 730.3

      901.6 730.3

      899.7 730.3

      894.9 730.3

      894.4 730.3

      868.2 730.3

      868.7 730.3

      865.0 730.3

      864.9 730.3

      862.1 730.3

      857.5 730.3

      858.0 730.3

      831.8 730.3

      832.4 730.3

      824.6 730.3

      829.1 730.3

      824.5 730.3

      821.2 730.3

      820.6 730.3

      793.1 730.3

      793.6 730.3

      787.4 730.3

      790.5 730.3

      787.8 730.3

      783.9 730.3

      783.0 730.3

      755.9 730.3

      757.1 730.3

      753.0 730.3

      752.6 730.3

      752.1 730.3

      745.5 730.3

      747.4 730.3

      720.6 730.3

      720.0 730.3

      716.2 730.3

      716.2 730.3

      714.0 730.3

      709.7 730.3

      710.3 730.3

      683.6 730.3

      685.9 730.3

      677.8 730.3

      678.8 730.3

      677.5 730.3

      673.2 730.3

      672.7 730.3

      649.5 730.3

      648.7 730.3

      641.6 730.3

      641.4 730.3

      638.0 730.3

      636.2 730.3

      635.6 730.3

      609.7 730.3

      610.8 730.3

      605.0 730.3

      603.8 730.3

      600.8 730.3

      599.0 730.3

      599.6 730.3

      572.6 730.3

      573.3 730.3

      567.4 730.3

      566.7 730.3

      563.9 730.3

      563.0 730.3

      563.7 730.3

      535.9 730.3

      535.4 730.3

      532.2 730.3

      528.4 730.3

      527.2 730.3

      526.4 730.3

      525.6 730.3

      499.4 730.3

      498.6 730.3

      498.8 730.3

      495.6 730.3

      490.1 730.3

      489.6 730.3

      489.0 730.3

      462.0 730.3

      461.5 730.3

      464.6 730.3

      455.4 730.3

      453.6 730.3

      453.3 730.3

      453.9 730.3

      425.5 730.3

      426.2 730.3

      425.1 730.3

      417.9 730.3

      420.8 730.3

      416.3 730.3

      417.3 730.3

      388.9 730.3

      390.2 730.3

      388.9 730.3

      380.8 730.3

      384.1 730.3

      379.8 730.3

      379.1 730.3

      351.2 730.3

      350.5 730.3

      348.7 730.3

      341.1 730.3

      344.8 730.3

      341.6 730.3

      343.0 730.3

      317.2 730.3

      309.1 730.3

      305.9 730.3

      304.8 730.3

      307.2 730.3

      306.4 730.3

      304.1 730.3

      278.0 730.3

      274.4 730.3

      269.3 730.3

      267.0 730.3

      269.1 730.3

      268.6 730.3

      265.1 730.3

      241.1 730.3

      239.7 730.3

      238.4 730.3

      233.4 730.3

      234.3 730.3

      230.9 730.3

      230.5 730.3

      203.6 730.3

      202.8 730.3

      197.8 730.3

      191.8 730.3

      195.5 730.3

      194.1 730.3

      191.2 730.3

      166.7 730.3

      166.8 730.3

      159.6 730.3

      156.3 730.3

      153.8 730.3

      156.5 730.3

      149.7 730.3

      128.2 730.3

      129.6 730.3

      121.6 730.3

      110.9 730.3

      113.7 730.3

      115.5 730.3

      110.7 730.3

      90.0 730.3

      89.5 730.3

      79.4 730.3

      73.3 730.3

      73.6 730.3

      75.4 730.3

      69.9 730.3

      75.4 729.3

      75.0 729.3

      77.9 729.3

      68.0 729.3

      68.4 729.3

      71.3 729.3

      67.3 729.3

      64.9 682.3

      51.0 682.3

      50.9 682.3

      68.3 682.3

      73.2 682.3

      73.5 682.3

      82.6 682.3

      76.4 643.5

      73.3 643.5

      75.3 643.5

      71.5 643.5

      74.3 643.5

      71.7 643.5

      81.2 643.5

      90.8 587.3

      90.9 587.3

      91.4 587.3

      90.8 587.3

      90.9 587.3

      91.4 587.3

      90.9 587.3

      64.7 550.1

      65.7 550.1

      66.4 550.1

      63.9 550.1

      72.3 542.0

      68.9 542.0

      69.5 542.0

      76.5 519.5

      83.6 519.5

      74.9 519.5

      80.9 519.5

      74.1 519.5

      73.6 519.5

      86.5 519.5

      70.3 477.0

      79.5 477.0

      73.6 477.0

      74.6 477.0

      76.7 477.0

      72.8 477.0

      77.6 477.0

      77.1 436.1

      69.8 436.1

      68.8 436.1

      70.6 436.1

      69.7 436.1

      68.6 436.1

      69.2 436.1

      81.2 392.3

      76.4 392.3

      77.0 392.3

      76.4 392.3

      74.4 392.3

      78.2 392.3

      78.8 392.3

      76.7 360.3

      65.1 360.3

      64.3 360.3

      66.7 360.3

      72.7 360.3

      70.1 360.3

      72.1 360.3

      80.8 311.5

      74.9 311.5

      73.1 311.5

      72.4 311.5

      77.5 311.5

      82.4 311.5

      78.2 311.5

      79.7 266.9

      79.0 266.9

      78.2 266.9

      80.0 266.9

      85.0 266.9

      83.2 266.9

      79.8 266.9

      74.6 232.7

      76.8 232.7

      77.6 232.7

      75.8 232.7

      75.6 232.7

      77.6 232.7

      76.4 232.7

      66.0 193.7

      66.7 193.7

      79.2 193.7

      77.7 193.7

      79.7 193.7

      78.1 193.7

      79.7 193.7

      75.7 162.0

      76.2 162.0

      71.4 162.0

      73.8 162.0

      79.6 162.0

      72.2 162.0

      76.9 162.0

      74.9 119.9

      72.3 119.9

      78.2 119.9

      71.4 119.9

      72.2 119.9

      76.2 119.9

      73.6 119.9

      69.5 77.1

      68.9 77.1

      70.5 77.1

      76.0 77.1

      73.5 77.1

      75.9 77.1

      75.3 77.1

      76.4 41.7

      75.4 41.7

      74.4 41.7

      74.2 41.7

      72.9 41.7

      72.0 41.7

      74.7 41.7

      73.9 0.5

      73.6 0.5

      81.8 0.5

      75.6 0.5

      72.3 0.5

      80.8 0.5

      80.2 0.5

      804.6 373.2

      805.3 373.2

      803.5 373.2

      806.6 373.2

      800.0 373.2

      808.6 373.2

      800.9 373.2

      760.9 373.2

      760.2 373.2

      762.9 373.2

      764.7 373.2

      762.2 373.2

      766.1 373.2

      770.6 373.2

      733.8 373.2

      733.3 373.2

      725.3 373.2

      724.2 373.2

      722.7 373.2

      727.5 373.2

      727.0 373.2

      695.4 373.2

      694.9 373.2

      686.6 373.2

      687.5 373.2

      687.5 373.2

      689.5 373.2

      695.2 373.2

      656.2 373.2

      658.6 373.2

      653.4 373.2

      652.4 373.2

      647.9 373.2

      649.3 373.2

      650.9 373.2

      617.1 373.2

      617.6 373.2

      618.2 373.2

      619.7 373.2

      618.1 373.2

      617.1 373.2

      613.3 373.2

      586.9 373.2

      578.5 373.2

      576.0 373.2

      578.3 373.2

      580.1 373.2

      576.6 373.2

      581.5 373.2

      549.5 373.2

      551.5 373.2

      540.2 373.2

      540.8 373.2

      542.4 373.2

      544.7 373.2

      545.6 373.2

      523.5 373.2

      512.1 373.2

      502.3 373.2

      504.5 373.2

      503.8 373.2

      505.0 373.2

      503.4 373.2

      489.6 373.2

      477.8 373.2

      467.2 373.2

      465.7 373.2

      469.2 373.2

      466.6 373.2

      469.0 373.2

      456.6 373.2

      435.9 373.2

      430.0 373.2

      429.4 373.2

      431.2 373.2

      430.0 373.2

      436.4 373.2

      423.0 373.2

      399.3 373.2

      393.1 373.2

      392.5 373.2

      391.1 373.2

      392.7 373.2

      391.9 373.2

      387.9 373.2

      368.5 373.2

      362.6 373.2

      358.3 373.2

      359.1 373.2

      354.9 373.2

      358.1 373.2

      353.9 373.2

      332.3 373.2

      324.5 373.2

      320.9 373.2

      323.3 373.2

      324.9 373.2

      317.6 373.2

      320.0 373.2

      298.1 373.2

      287.7 373.2

      290.9 373.2

      290.3 373.2

      288.3 373.2

      280.6 373.2

      286.4 373.2

      269.5 373.2

      251.1 373.2

      248.3 373.2

      250.7 373.2

      249.9 373.2

      246.6 373.2

      252.5 373.2

      234.5 373.2

      213.0 373.2

      211.2 373.2

      210.7 373.2

      212.1 373.2

      207.6 373.2

      219.4 373.2

      201.4 373.2

      177.7 373.2

      176.1 373.2

      178.4 373.2

      177.3 373.2

      176.4 373.2

      186.4 373.2

      169.9 373.2

      143.9 373.2

      142.4 373.2

      143.5 373.2

      142.7 373.2

      142.4 373.2

      153.6 373.2

      139.4 373.2

      109.5 373.2

      110.0 373.2

      108.8 373.2

      109.0 373.2

      111.7 373.2

      119.6 373.2

      107.0 373.2

      76.3 373.2

      75.6 373.2

      75.3 373.2

      73.0 373.2

      73.9 373.2

      84.3 373.2

      74.2 373.2

      62.0 344.7

      62.7 344.7

      79.8 344.7

      81.6 344.7

      82.5 344.7

      85.9 344.7

      87.0 344.7

      66.6 324.8

      67.2 324.8

      73.1 324.8

      74.1 324.8

      77.4 324.8

      76.9 324.8

      79.9 324.8

      64.3 269.9

      75.7 269.9

      83.1 269.9

      86.9 269.9

      84.4 269.9

      90.2 269.9

      93.0 269.9

      76.9 249.2

      72.9 249.2

      72.2 249.2

      72.2 249.2

      73.1 249.2

      74.3 249.2

      79.2 249.2

      76.9 222.0

      77.3 222.0

      74.4 222.0

      75.1 222.0

      77.0 222.0

      72.6 222.0

      82.1 222.0

      66.2 197.9

      63.1 185.4

      62.6 185.4

      66.3 179.3

      63.8 179.3

      63.2 179.3

      90.4 179.3

      66.2 154.7

      64.8 154.7

      64.8 144.9

      66.1 144.9

      70.1 144.9

      68.2 144.9

      74.9 144.9

      79.6 100.8

      78.9 100.8

      76.5 100.8

      78.8 100.8

      75.8 100.8

      76.4 100.8

      78.5 100.8

      69.4 65.7

      67.7 65.7

      65.9 65.7

      79.7 65.7

      78.5 65.7

      82.3 65.7

      83.6 65.7

      92.8 23.3

      92.2 23.3

      92.8 23.3

      84.3 23.3

      85.3 23.3

      88.7 23.3

      85.9 23.3

      68.2 8.1

      66.6 8.1

      70.9 8.1

      73.0 8.1

      71.0 8.1

      70.9 8.1

      69.2 8.1

      1647.4 729.2

      1649.1 729.2

      1650.8 729.2

      1660.2 729.2

      1662.1 729.2

      1664.0 729.2

      1658.3 729.2

      1647.6 729.2

      1647.4 729.2

      1650.3 729.2

      1648.1 729.2

      1647.5 729.2

      1651.9 729.2

      1651.4 729.2

      1655.4 729.2

      1655.9 729.2

      1647.4 729.2

      1648.0 729.2

      1647.4 729.2

      1647.3 729.2

      1647.9 729.2

      1650.9 729.2

      1656.7 729.2

      1651.5 729.2

      1653.7 729.2

      1654.3 729.2

      1648.9 729.3

      1656.3 729.3

      1658.5 729.3

      1650.3 729.3

      1650.8 729.3

      1650.2 729.3

      1650.0 729.3

      1659.5 729.3

      1662.6 729.3

      1655.7 729.3

      1656.4 729.3

      1650.3 729.3

      1650.8 729.3

      1650.2 729.3

      1657.1 729.3

      1663.7 729.3

      1659.5 729.3

      1659.0 729.3

      1663.8 729.3

      1658.2 729.3

      1661.1 729.3

      1656.2 729.3

      1656.2 729.3

      1656.9 729.3

      1653.5 729.3

      1655.2 729.3

      1653.0 729.3

      1654.3 729.3

      1657.2 729.3

      1659.9 729.3

      1666.1 729.8

      1652.6 729.8

      1654.5 729.8

      1653.9 729.8

      1655.4 729.8

      1657.6 729.8

      1658.5 729.8

      1660.5 729.8

      1652.8 729.8

      1653.9 729.8

      1654.7 729.8

      1651.3 729.8

      1652.0 729.8

      1651.3 729.8

      1660.6 729.8

      1661.3 729.8

      1654.6 729.8

      1655.6 729.8

      1656.3 729.8

      1666.5 729.8

      1662.0 729.8

      1662.9 729.8

      1664.2 729.8

      1659.5 729.8

      1656.3 729.8

      1654.1 729.8

      1657.0 729.8

      1657.5 729.8

      1653.9 729.8

      1654.3 729.8

      1650.6 729.8

      1651.0 729.8

      1651.6 729.8

      1648.3 729.8

      1650.8 729.8

      1653.8 729.8

      1655.1 729.8

      1649.7 729.8

      1650.6 729.9

      1648.2 729.9

      1648.1 729.9

      1648.0 729.9

      1653.8 729.9

      1653.7 729.9

      1648.7 729.9

      1648.9 729.9

      1647.8 729.9

      1647.9 729.9

      1648.1 729.9

      1655.5 729.9

      1653.8 729.9

      1644.7 729.9

      1644.3 729.9

      1643.7 729.9

      1646.5 729.9

      1646.7 729.9

      1650.6 729.9

      1651.3 729.9

      1647.9 729.9

      1645.4 729.9

      1642.8 729.9

      1647.4 729.9

      1648.0 729.9

      1650.5 729.9

      1650.7 729.9

      1648.7 729.9

      1644.9 729.9

      1642.8 729.9

      1650.0 729.9

      1650.7 729.9

      1652.8 729.9

      1652.9 729.9

      1648.6 729.9

      1644.9 729.9

      1644.6 729.9

      1644.7 729.9

      1646.4 729.9

      1652.7 729.9

      1652.7 729.9

      1651.6 729.9

      1644.2 729.9

      1644.1 729.9

      1645.5 729.9

      1646.5 729.9

      1652.8 729.9

      1653.3 729.9

      1652.8 729.9

      1644.2 729.9

      1645.0 729.9

      1644.7 729.9

      1648.0 729.9

      1652.8 729.9

      1653.8 729.9

      1652.9 729.9

      1644.9 729.9

      1645.2 729.9

      1648.4 729.9

      1648.0 729.9

      1652.9 729.9

      1653.4 729.9

      1652.8 729.9

      1644.2 729.9

      1645.2 729.9

      1646.7 729.9

      1646.3 729.9

      1652.8 729.9

      1652.8 729.9

      1653.9 729.9

      1644.8 729.9

      1645.2 729.9

      1646.4 729.9

      1644.6 729.9

      1652.8 729.9

      1652.8 729.9

      1653.0 729.9

      1644.4 729.9

      1644.7 729.9

      1645.2 729.9

      1644.7 729.9

      1652.7 729.9

      1652.8 729.9

      1652.8 729.9

      1642.9 729.9

      1644.8 729.9

      1644.8 729.9

      1644.7 729.9

      1652.8 729.9

      1652.8 729.9

      1652.8 729.9

      1643.4 729.9

      1654.5 729.9

      1647.4 729.9

      1642.8 729.9

      1654.7 729.9

      1654.9 729.9

      1656.2 729.9

      1644.5 729.9

      1644.7 729.9

      1645.2 729.9

      1647.0 729.9

      1655.2 729.9

      1654.4 729.9

      1653.3 729.9

      1644.4 729.9

      1644.7 729.9

      1644.9 729.9

      1646.4 729.9

      1654.4 729.9

      1654.9 729.9

      1652.7 729.9

      1644.8 729.9

      1644.6 729.9

      1645.1 729.9

      1646.4 729.9

      1653.9 729.9

      1654.6 729.9

      1652.7 729.9

      1645.5 729.9

      1648.3 729.9

      1648.0 729.9

      1646.6 729.9

      1653.9 729.9

      1654.5 729.9

      1652.8 729.9

      1645.3 729.9

      1646.0 729.9

      1644.8 729.9

      1645.2 729.9

      1653.8 729.9

      1654.3 729.9

      1652.6 729.9

      1645.3 729.9

      1648.1 729.9

      1646.6 729.9

      1645.5 729.9

      1655.5 729.9

      1654.0 729.9

      1652.7 729.9

      1645.3 729.9

      1644.5 729.9

      1644.7 729.9

      1644.7 729.9

      1654.6 729.9

      1655.1 729.9

      1654.1 729.9

      1645.1 729.9

      1644.7 729.9

      1644.6 729.9

      1644.8 729.9

      1655.1 729.9

      1654.6 729.9

      1655.9 729.9

      1644.1 729.9

      1645.0 729.9

      1646.4 729.9

      1644.6 729.9

      1654.5 729.9

      1655.1 729.9

      1654.3 729.9

      1650.1 729.9

      1648.8 729.9

      1647.0 729.9

      1645.3 729.9

      1654.6 729.9

      1654.6 729.9

      1656.2 729.9

      1645.5 729.9

      1646.9 729.9

      1648.3 729.9

      1644.7 729.9

      1654.7 729.9

      1656.2 729.9

      1656.1 729.9

      1644.8 729.9

      1645.2 729.9

      1646.4 729.9

      1644.6 729.9

      1654.4 729.9

      1654.8 729.9

      1655.9 729.9

      1645.2 729.9

      1645.3 729.9

      1645.7 729.9

      1644.6 729.9

      1655.2 729.9

      1654.5 729.9

      1652.7 729.9

      1644.6 729.9

      1644.6 729.9

      1644.6 729.9

      1644.6 729.9

      1654.5 729.9

      1655.2 729.9

      1653.8 729.9

      1644.8 729.9

      1644.6 729.9

      1644.6 729.9

      1644.6 729.9

      1652.6 729.9

      1652.8 729.9

      1651.9 729.9

      1645.2 729.9

      1644.6 729.9

      1646.6 729.9

      1644.7 729.9

      1652.6 729.9

      1653.1 729.9

      1652.0 729.9

      1644.6 729.9

      1645.2 729.9

      1644.6 729.9

      1644.6 729.9

      1653.8 729.9

      1653.2 729.9

      1651.9 729.9

      1644.5 729.9

      1644.7 729.9

      1644.5 729.9

      1644.5 729.9

      1652.7 729.9

      1652.9 729.9

      1652.1 729.9

      1644.6 729.9

      1645.0 729.9

      1644.5 729.9

      1644.7 729.9

      1652.7 729.9

      1652.9 729.9

      1652.1 729.9

      1644.5 729.9

      1645.0 729.9

      1644.6 729.9

      1644.6 729.9

      1652.8 729.9

      1652.9 729.9

      1652.1 729.9

      1646.5 729.9

      1646.7 729.9

      1647.8 729.9

      1645.2 729.9

      1653.2 729.9

      1652.7 729.9

      1652.0 729.9

      1644.9 729.9

      1644.6 729.9

      1645.2 729.9

      1648.6 729.9

      1652.7 729.9

      1652.9 729.9

      1652.0 729.9

      1644.6 729.9

      1644.5 729.9

      1645.1 729.9

      1644.8 729.9

      1652.7 729.9

      1652.9 729.9

      1653.2 729.9

      1644.8 729.9

      1644.6 729.9

      1644.6 729.9

      1645.2 729.9

      1653.2 729.9

      1652.7 729.9

      1652.0 729.9

      1644.6 729.9

      1644.6 729.9

      1647.2 729.9

      1648.2 729.9

      1653.8 729.9

      1655.0 729.9

      1652.2 729.9

      1644.8 729.9

      1646.1 729.9

      1647.1 729.9

      1648.9 729.9

      1654.2 729.9

      1654.2 729.9

      1654.1 729.9

      1646.1 729.9

      1646.3 729.9

      1647.4 729.9

      1650.1 729.9

      1653.5 729.9

      1654.3 729.9

      1652.3 729.9

      1646.2 729.9

      1646.3 729.9

      1645.0 729.9

      1645.1 729.9

      1655.0 729.9

      1653.6 729.9

      1652.3 729.9

      1651.0 729.9

      1650.5 729.9

      1646.3 729.9

      1645.2 729.9

      1654.8 729.9

      1654.1 729.9

      1652.3 729.9

      1647.9 730.0

      1649.7 730.0

      1644.7 730.0

      1642.7 730.0

      1652.4 730.0

      1655.2 730.0

      1650.4 730.0

      1643.6 730.0

      1646.6 730.0

      1646.4 730.0

      1642.6 730.0

      1652.4 730.0

      1652.5 730.0

      1652.8 730.0

      1643.6 730.0

      1645.1 730.0

      1646.1 730.0

      1642.5 730.0

      1652.4 730.0

      1652.4 730.0

      1652.4 730.0

      1643.6 730.0

      1644.5 730.0

      1644.5 730.0

      1643.9 730.0

      1652.5 730.0

      1652.5 730.0

      1652.8 730.0

      1643.6 730.0

      1642.9 730.0

      1644.6 730.0

      1643.7 730.0

      1652.5 730.0

      1652.4 730.0

      1652.8 730.0

      1644.9 730.0

      1642.9 730.0

      1644.0 730.0

      1642.6 730.0

      1652.4 730.0

      1653.0 730.0

      1652.4 730.0

      1644.1 730.0

      1642.9 730.0

      1643.9 730.0

      1643.1 730.0

      1652.4 730.0

      1652.5 730.0

      1651.1 730.0

      1644.5 730.0

      1642.9 730.0

      1643.7 730.0

      1643.2 730.0

      1652.3 730.0

      1652.3 730.0

      1652.8 730.0

      1644.3 730.0

      1642.4 730.0

      1645.2 730.0

      1644.5 730.0

      1652.4 730.0

      1652.4 730.0

      1652.8 730.0

      1646.5 730.0

      1642.2 730.0

      1643.7 730.0

      1645.7 730.0

      1655.1 730.0

      1654.6 730.0

      1654.7 730.0

      1648.8 730.0

      1644.5 730.0

      1646.0 730.0

      1647.5 730.0

      1654.6 730.0

      1655.1 730.0

      1652.5 730.0

      1648.8 730.0

      1644.4 730.0

      1645.0 730.0

      1647.3 730.0

      1651.1 730.0

      1651.0 730.0

      1649.7 730.0

      1646.3 730.0

      1641.1 730.0

      1644.1 730.0

      1643.6 730.0

      1650.9 730.0

      1651.0 730.0

      1650.2 730.0

      1645.9 730.0

      1641.4 730.0

      1644.0 730.0

      1644.3 730.0

      1651.0 730.0

      1650.9 730.0

      1648.0 730.0

      1645.8 730.0

      1643.7 730.0

      1642.2 730.0

      1644.1 730.0

      1654.7 730.0

      1654.5 730.0

      1652.1 730.0

      1649.3 730.0

      1646.6 730.0

      1645.8 730.0

      1647.7 730.0

      1654.5 730.0

      1654.4 730.0

      1652.0 730.0

      1651.9 730.0

      1646.6 730.0

      1644.3 730.0

      1644.7 730.0

      1654.7 730.0

      1654.7 730.0

      1653.9 730.0

      1649.4 730.0

      1651.3 730.0

      1648.4 730.0

      1652.1 730.0

      1654.5 730.0

      1654.6 730.0

      1655.0 730.0

      1649.6 730.0

      1647.4 730.0

      1647.7 730.0

      1649.5 730.0

      1654.6 730.0

      1654.7 730.0

      1652.3 730.0

      1649.4 730.0

      1648.7 730.0

      1647.8 730.0

      1650.3 730.0

      1654.0 730.0

      1654.6 730.0

      1651.8 730.0

      1649.6 730.0

      1648.1 730.0

      1647.8 730.0

      1650.4 730.0

      1655.7 730.0

      1654.2 730.0

      1651.7 730.0

      1649.7 730.0

      1648.1 730.0

      1648.5 730.0

      1650.2 730.0

      1654.1 730.0

      1654.9 730.0

      1651.7 730.0

      1649.5 730.3

      1650.2 730.3

      1648.0 730.3

      1649.1 730.3

      1654.1 730.3

      1653.6 730.3

      1653.5 730.3

      1649.1 730.3

      1648.5 730.3

      1646.6 730.3

      1651.1 730.3

      1654.3 730.3

      1654.2 730.3

      1653.6 730.3

      1649.1 730.3

      1652.1 730.3

      1648.3 730.3

      1650.1 730.3

      1654.2 730.3

      1654.2 730.3

      1655.1 730.3

      1649.1 730.3

      1650.8 730.3

      1649.1 730.3

      1651.2 730.3

      1654.2 730.3

      1654.2 730.3

      1655.1 730.3

      1652.1 730.3

      1650.5 730.3

      1647.3 730.3

      1648.6 730.3

      1654.2 730.3

      1654.2 730.3

      1655.1 730.3

      1650.3 730.3

      1651.3 730.3

      1645.3 730.3

      1649.5 730.3

      1654.3 730.3

      1653.7 730.3

      1656.2 730.3

      1651.3 730.3

      1653.5 730.3

      1647.9 730.3

      1650.2 730.3

      1653.5 730.3

      1655.1 730.3

      1653.0 730.3

      1648.0 730.3

      1648.0 730.3

      1647.9 730.3

      1650.8 730.3

      1653.8 730.3

      1656.5 730.3

      1653.1 730.3

      1648.0 730.3

      1648.0 730.3

      1648.0 730.3

      1651.0 730.3

      1653.8 730.3

      1654.4 730.3

      1654.7 730.3

      1648.0 730.3

      1647.9 730.3

      1649.3 730.3

