      1640.1 730.3

0:00.09 0.3 225128 5596 2868 37.5 1625.4 730.3

      1620.4 730.3

      1611.8 730.3

      1609.6 730.3

      1603.6 730.3

0:00.77 1.4 244796 25396 2868 37.5 1588.9 730.3

      1580.4 730.3

      1573.7 730.3

      1570.1 730.3

      1565.3 730.3

0:01.48 2.4 264992 45460 2868 47.1 1545.1 730.3

      1539.4 730.3

      1531.3 730.3

      1534.6 730.3

      1527.6 730.3

0:02.14 3.5 284132 64732 2868 40.0 1507.1 730.3

      1501.4 730.3

      1494.3 730.3

      1497.2 730.3

      1490.9 730.3

0:02.80 4.4 302744 83208 2868 41.2 1470.4 730.3

      1462.0 730.3

      1458.8 730.3

      1456.2 730.3

      1454.8 730.3

0:03.48 5.5 321752 102216 2868 44.4 1435.0 730.3

      1427.1 730.3

      1424.0 730.3

      1416.8 730.3

      1417.9 730.3

0:04.15 6.5 340760 121224 2868 47.1 1400.4 730.3

      1391.5 730.3

      1386.9 730.3

      1379.4 730.3

      1381.8 730.3

0:04.81 7.5 359372 139968 2868 40.0 1363.5 730.3

      1353.3 730.3

      1345.8 730.3

      1344.9 730.3

      1344.9 730.3

0:05.47 8.5 378116 158712 2868 41.2 1327.9 730.3

      1315.7 730.3

      1309.0 730.3

      1308.2 730.3

      1308.9 730.3

0:06.12 9.5 396464 176928 2868 35.3 1291.6 730.3

      1279.3 730.3

      1274.0 730.3

      1270.5 730.3

      1271.7 730.3

0:06.77 10.5 415076 195672 2868 37.5 1255.2 730.3

      1241.8 730.3

      1236.8 730.3

      1232.8 730.3

      1234.2 730.3

0:07.43 11.5 433952 214416 2868 44.4 1217.4 730.3

      1205.0 730.3

      1200.2 730.3

      1196.8 730.3

      1196.9 730.3

0:08.09 12.5 452828 233424 2868 43.8 1180.6 730.3

      1167.8 730.3

      1161.1 730.3

      1159.4 730.3

      1160.5 730.3

0:08.76 13.5 471572 252168 2868 43.8 1143.6 730.3

      1130.7 730.3

      1126.4 730.3

      1121.1 730.3

      1122.7 730.3

0:09.42 14.5 490448 270912 2868 50.0 1106.9 730.3

      1093.4 730.3

      1088.8 730.3

      1086.4 730.3

      1084.2 730.3

0:10.06 15.5 508532 289128 2868 41.2 1071.7 730.3

      1058.6 730.3

      1052.3 730.3

      1049.1 730.3

      1047.5 730.3

0:10.72 16.5 527276 307872 2868 37.5 1035.3 730.3

      1020.8 730.3

      1015.8 730.3

      1012.6 730.3

      1010.8 730.3

0:11.37 17.4 545888 326352 2868 38.9 999.0 730.3

      983.4 730.3

      976.7 730.3

      975.1 730.3

      975.4 730.3

0:12.04 18.4 564632 345096 2868 41.2 963.0 730.3

      945.6 730.3

      939.4 730.3

      938.5 730.3

      936.1 730.3

0:12.68 19.4 583112 363576 2868 41.2 926.4 730.3

      909.1 730.3

      903.1 730.3

      902.8 730.3

      898.2 730.3

0:13.33 20.4 601460 382056 2868 41.2 890.3 730.3

      872.3 730.3

      865.9 730.3

      866.1 730.3

      862.7 730.3

0:13.98 21.4 619940 400536 2868 35.3 854.6 730.3

      836.9 730.3

      825.5 730.3

      826.0 730.3

      824.0 730.3

0:14.64 22.4 638816 419280 2868 38.9 816.8 730.3

      802.6 730.3

      789.4 730.3

      789.3 730.3

      787.5 730.3

0:15.31 23.4 657692 438288 2868 46.7 780.3 730.3

      765.4 730.3

      754.8 730.3

      754.5 730.3

      750.0 730.3

0:15.96 24.4 676304 456768 2868 38.9 743.8 730.3

      728.5 730.3

      719.4 730.3

      715.4 730.3

      712.6 730.3

0:16.63 25.4 695312 475776 2868 38.9 708.6 730.3

      694.2 730.3

      682.1 730.3

      681.5 730.3

      677.1 730.3

0:17.29 26.4 714056 494520 2868 43.8 670.7 730.3

      656.5 730.3

      646.0 730.3

      641.5 730.3

      640.1 730.3

0:17.97 27.4 732668 513000 2868 41.2 634.2 730.3

      620.4 730.3

      610.8 730.3

      604.6 730.3

      603.4 730.3

0:18.64 28.4 751544 532008 2868 44.4 597.6 730.3

      584.7 730.3

      571.8 730.3

      570.9 730.3

      567.1 730.3

0:19.29 29.4 769892 550224 2868 41.2 561.1 730.3

      550.7 730.3

      533.4 730.3

      535.8 730.3

      530.5 730.3

0:19.95 30.4 788636 569232 2868 37.5 524.7 730.3

      515.8 730.3

      499.4 730.3

      498.8 730.3

      495.9 730.3

0:20.60 31.4 806852 587448 2868 33.3 488.0 730.3

      480.2 730.3

      461.5 730.3

      462.0 730.3

      458.8 730.3

0:21.26 32.4 825332 605928 2868 35.3 451.9 730.3

      444.7 730.3

      422.6 730.3

      422.0 730.3

      422.8 730.3

0:21.90 33.4 843680 624144 2868 31.2 415.2 730.3

      409.5 730.3

      387.1 730.3

      387.7 730.3

      384.1 730.3

0:22.59 34.4 862952 643416 2868 43.8 378.3 730.3

      373.1 730.3

      350.1 730.3

      349.3 730.3

      346.9 730.3

0:23.26 35.4 881828 662424 2868 35.3 340.9 730.3

      337.0 730.3

      306.5 730.3

      307.2 730.3

      307.0 730.3

0:23.94 36.5 901628 681960 2868 36.8 302.2 730.3

      299.0 730.3

      269.9 730.3

      268.0 730.3

      267.9 730.3

0:24.61 37.5 920636 701232 2868 33.3 264.8 730.3

      264.1 730.3

      237.8 730.3

      232.5 730.3

      232.1 730.3

0:25.26 38.4 938456 718920 2868 31.2 229.6 730.3

      229.7 730.3

      198.3 730.3

      196.3 730.3

      193.5 730.3

0:25.92 39.4 957464 737928 2868 29.4 192.0 730.3

      190.3 730.3

      161.1 730.3

      157.8 730.3

      157.0 730.3

0:26.60 40.5 976868 757464 2868 40.0 151.7 730.3

      149.7 730.3

      120.8 730.3

      120.8 730.3

      115.1 730.3

0:27.31 41.6 997460 777792 2868 33.3 112.1 730.3

      110.9 730.3

      80.0 730.3

      80.7 730.3

      74.9 730.3

0:28.00 42.7 1017656 798120 2868 35.3 71.6 730.3

      72.6 730.3

      76.9 729.3

      76.8 729.3

      73.3 729.3

0:28.66 43.7 1036928 817388 2864 29.4 68.9 729.3

      71.3 729.3

      65.2 682.3

      65.0 682.3

      80.2 682.3

      87.8 682.3

0:29.34 42.2 1056068 789920 2672 11.8 86.1 682.3

      72.4 643.5

      77.1 643.5

      82.6 643.5

      81.6 643.5

0:30.04 41.6 1076396 778660 2672 14.3 65.9 643.5

      91.8 587.3

      90.8 587.3

      91.5 587.3

      90.6 587.3

0:30.77 41.3 1096856 773260 2672 37.5 104.0 587.3

      62.5 550.1

      63.1 550.1

      70.4 542.0

0:31.52 41.3 1118240 771776 2672 26.7 75.8 542.0

      71.3 542.0

      81.9 519.5

      77.3 519.5

0:32.23 41.5 1138172 775544 2672 27.8 82.7 519.5

      75.8 519.5

      80.1 519.5

      71.8 477.0

      75.5 477.0

      78.6 477.0

      70.9 477.0

0:33.00 41.5 1159952 776408 2672 47.1 89.0 477.0

      79.3 436.1

0:33.87 41.4 1184636 774204 2672 27.8 67.8 436.1

      71.4 436.1

      71.0 436.1

      70.1 436.1

      80.8 392.3

0:34.56 41.2 1204304 771496 2672 23.5 79.3 392.3

      75.9 392.3

      75.0 392.3

      75.9 392.3

      77.3 360.3

0:35.25 41.4 1223972 774920 2672 31.2 63.6 360.3

      66.0 360.3

      69.2 360.3

      68.6 360.3

      80.6 311.5

      73.9 311.5

0:35.98 41.6 1244564 777608 2672 29.4 76.8 311.5

      81.7 311.5

      79.1 311.5

      88.3 266.9

0:36.66 41.4 1264364 774520 2672 29.4 83.5 266.9

      77.6 266.9

      84.0 266.9

      78.4 266.9

      72.1 232.7

0:37.36 41.7 1283900 779468 2672 29.4 75.3 232.7

      78.8 232.7

      74.1 232.7

      74.6 232.7

      70.5 193.7

      78.1 193.7

      80.7 193.7

0:38.07 42.0 1304492 785132 2672 42.1 79.3 193.7

      80.3 193.7

      81.4 162.0

      71.9 162.0

      72.8 162.0

      76.2 162.0

0:38.75 41.7 1323896 780588 2672 20.0 73.8 162.0

      75.3 121.8

      72.0 119.9

      71.7 119.9

      74.2 119.9

0:39.44 41.9 1343432 783840 2672 23.5 75.2 119.9

      73.5 77.1

      76.8 77.1

      74.1 77.1

      75.1 77.1

0:40.13 42.0 1362836 785908 2672 27.8 75.9 77.1

      78.6 41.7

      74.7 41.7

      73.7 41.7

      72.2 41.7

0:40.82 42.0 1382768 785836 2672 26.3 72.6 41.7

      80.9 0.5

      74.6 0.5

      72.8 0.5

0:41.50 42.1 1402040 787388 2672 20.0 75.3 0.5

      79.4 0.5

      801.8 373.2

      807.5 373.2

      802.8 373.2

      799.1 373.2

      800.8 373.2

      761.6 373.2

      764.0 373.2

      771.2 373.2

      772.1 373.2

      767.7 373.2

      723.3 373.2

      727.0 373.2

      727.7 373.2

      728.9 373.2

      732.3 373.2

      686.0 373.2

      688.9 373.2

      688.6 373.2

      690.3 373.2

      696.1 373.2

      652.0 373.2

      648.5 373.2

      648.6 373.2

      649.4 373.2

      661.8 373.2

      618.7 373.2

      616.5 373.2

      612.7 373.2

      614.7 373.2

      624.6 373.2

      577.5 373.2

      579.2 373.2

      580.9 373.2

      580.1 373.2

      587.6 373.2

      541.6 373.2

      545.3 373.2

      547.3 373.2

      546.3 373.2

      544.9 373.2

      503.0 373.2

      504.0 373.2

      508.0 373.2

      505.8 373.2

      507.3 373.2

      466.2 373.2

      467.9 373.2

      470.0 373.2

      467.2 373.2

      463.4 373.2

      429.4 373.2

      429.1 373.2

      435.5 373.2

      430.8 373.2

      428.6 373.2

      394.0 373.2

      394.6 373.2

      393.6 373.2

      391.3 373.2

      396.9 373.2

      357.8 373.2

      357.1 373.2

      356.5 373.2

      359.6 373.2

      355.2 373.2

      321.5 373.2

      319.0 373.2

      318.2 373.2

      319.7 373.2

      318.1 373.2

      289.3 373.2

      280.0 373.2

      282.4 373.2

      281.7 373.2

      286.8 373.2

      248.9 373.2

      243.7 373.2

      245.3 373.2

      244.5 373.2

      242.9 373.2

      212.9 373.2

      208.3 373.2

      207.5 373.2

      206.9 373.2

      210.2 373.2

      175.6 373.2

      177.2 373.2

      176.7 373.2

      175.8 373.2

      177.3 373.2

      143.0 373.2

      143.1 373.2

      143.7 373.2

      143.0 373.2

      145.4 373.2

      112.2 373.2

      109.6 373.2

      110.9 373.2

      110.9 373.2

      109.8 373.2

      77.5 373.2

      73.6 373.2

      73.4 373.2

      74.3 373.2

      74.8 373.2

      80.7 344.7

      78.3 344.7

      79.0 344.7

      84.4 344.7

      85.2 344.7

      72.5 324.8

      75.0 324.8

      74.8 324.8

      72.3 324.8

      70.4 324.8

      90.7 269.9

      85.9 269.9

      85.0 269.9

      83.2 269.9

      82.7 269.9

      69.3 249.2

      70.6 249.2

      71.3 249.2

      72.3 249.2

      71.7 249.2

      75.0 222.0

      74.6 222.0

      77.9 222.0

      72.3 222.0

      71.5 222.0

      63.9 185.4

      64.3 179.3

      65.3 179.3

      68.5 179.3

      68.4 179.3

      65.4 154.7

      65.4 144.9

      67.0 144.9

      68.7 144.9

      69.8 144.9

      78.3 100.8

      77.1 100.8

      78.0 100.8

      77.3 100.8

      78.2 100.8

      68.4 65.7

      65.0 65.7

      66.6 65.7

      81.8 65.7

      78.8 65.7

      92.8 23.3

      91.6 23.3

      90.9 23.3

      83.7 23.3

      88.8 23.3

      68.9 8.1

      67.2 8.1

      70.3 8.1

      70.4 8.1

      70.3 8.1

      1654.7 729.2

      1667.8 729.2

      1656.4 729.2

      1665.9 729.2

      1652.8 729.2

      1649.1 729.2

      1656.1 729.2

      1652.0 729.2

      1653.0 729.2

      1653.9 729.2

      1650.4 729.2

      1650.0 729.2

      1650.9 729.2

      1653.1 729.2

      1648.8 729.2

      1657.0 729.2

      1657.9 729.2

      1647.4 729.3

      1651.4 729.3

      1650.7 729.3

      1650.7 729.3

      1651.7 729.3

      1654.2 729.3

      1661.8 729.3

      1663.7 729.3

      1650.1 729.3

      1650.8 729.3

      1651.7 729.3

      1662.6 729.3

      1661.8 729.3

      1649.9 729.3

      1650.0 729.3

      1649.9 729.3

      1658.7 729.3

      1656.2 729.3

      1649.6 729.3

      1649.1 729.3

      1650.7 729.3

      1656.3 729.3

      1656.6 729.3

      1651.1 729.8

      1652.8 729.8

      1654.9 729.8

      1651.3 729.8

      1659.5 729.8

      1658.8 729.8

      1659.7 729.8

      1652.1 729.8

      1653.0 729.8

      1653.7 729.8

      1654.8 729.8

      1655.6 729.8

      1656.6 729.8

      1659.0 729.8

      1662.8 729.8

      1657.8 729.8

      1654.7 729.8

      1657.3 729.8

      1656.9 729.8

      1658.4 729.8

      1652.6 729.8

      1649.1 729.8

      1652.2 729.8

      1650.6 729.8

      1648.3 729.8

      1649.6 729.9

      1648.0 729.9

      1648.8 729.9

      1648.2 729.9

      1648.1 729.9

      1649.6 729.9

      1647.9 729.9

      1648.0 729.9

      1648.4 729.9

      1647.9 729.9

      1643.5 729.9

      1642.9 729.9

      1647.7 729.9

      1648.4 729.9

      1646.7 729.9

      1644.8 729.9

      1642.7 729.9

      1645.1 729.9

      1644.5 729.9

      1646.1 729.9

      1644.8 729.9

      1645.4 729.9

      1644.6 729.9

      1646.4 729.9

      1645.8 729.9

      1648.8 729.9

      1645.2 729.9

      1644.6 729.9

      1644.6 729.9

      1644.7 729.9

      1648.5 729.9

      1646.4 729.9

      1647.2 729.9

      1644.6 729.9

      1644.7 729.9

      1648.7 729.9

      1648.0 729.9

      1644.8 729.9

      1645.4 729.9

      1647.6 729.9

      1648.9 729.9

      1644.8 729.9

      1644.7 729.9

      1645.2 729.9

      1645.4 729.9

      1646.6 729.9

      1644.6 729.9

      1644.7 729.9

      1644.8 729.9

      1645.8 729.9

      1649.2 729.9

      1646.5 729.9

      1644.8 729.9

      1644.7 729.9

      1644.9 729.9

      1647.4 729.9

      1645.1 729.9

      1644.7 729.9

      1644.7 729.9

      1644.7 729.9

      1646.6 729.9

      1646.1 729.9

      1648.3 729.9

      1644.7 729.9

      1644.7 729.9

      1646.6 729.9

      1644.3 729.9

      1646.4 729.9

      1643.0 729.9

      1643.0 729.9

      1648.1 729.9

      1646.4 729.9

      1645.4 729.9

      1644.8 729.9

      1647.4 729.9

      1649.8 729.9

      1644.7 729.9

      1645.2 729.9

      1644.7 729.9

      1645.3 729.9

      1650.5 729.9

      1644.7 729.9

      1644.8 729.9

      1644.7 729.9

      1646.5 729.9

      1650.5 729.9

      1645.5 729.9

      1647.0 729.9

      1644.8 729.9

      1644.7 729.9

      1650.4 729.9

      1646.4 729.9

      1646.4 729.9

      1644.7 729.9

      1645.2 729.9

      1650.5 729.9

      1647.2 729.9

      1648.4 729.9

      1644.5 729.9

      1644.6 729.9

      1652.3 729.9

      1644.6 729.9

      1645.3 729.9

      1646.1 729.9

      1645.3 729.9

      1650.4 729.9

      1644.6 729.9

      1644.6 729.9

      1645.3 729.9

      1646.2 729.9

      1647.7 729.9

      1645.8 729.9

      1647.1 729.9

      1644.6 729.9

      1644.5 729.9

      1652.7 729.9

      1654.3 729.9

      1644.7 729.9

      1644.8 729.9

      1644.7 729.9

      1649.6 729.9

      1645.2 729.9

      1646.7 729.9

      1644.7 729.9

      1644.7 729.9

      1649.5 729.9

      1645.1 729.9

      1646.1 729.9

      1647.6 729.9

      1648.8 729.9

      1649.5 729.9

      1644.6 729.9

      1646.6 729.9

      1644.8 729.9

      1646.2 729.9

      1649.0 729.9

      1644.6 729.9

      1645.2 729.9

      1645.2 729.9

      1646.4 729.9

      1647.6 729.9

      1644.6 729.9

      1644.6 729.9

      1644.6 729.9

      1645.0 729.9

      1647.6 729.9

      1644.6 729.9

      1647.8 729.9

      1648.5 729.9

      1648.9 729.9

      1647.6 729.9

      1644.6 729.9

      1644.7 729.9

      1645.1 729.9

      1645.7 729.9

      1648.8 729.9

      1644.5 729.9

      1644.5 729.9

      1644.5 729.9

      1644.7 729.9

      1647.7 729.9

      1644.3 729.9

      1644.5 729.9

      1644.6 729.9

      1645.0 729.9

      1647.6 729.9

      1645.1 729.9

      1644.6 729.9

      1644.6 729.9

      1644.6 729.9

      1647.8 729.9

      1645.2 729.9

      1648.3 729.9

      1645.3 729.9

      1644.7 729.9

      1647.7 729.9

      1644.7 729.9

      1646.7 729.9

      1647.9 729.9

      1644.6 729.9

      1647.7 729.9

      1644.5 729.9

      1644.6 729.9

      1645.1 729.9

      1644.5 729.9

      1646.5 729.9

      1644.5 729.9

      1646.3 729.9

      1644.8 729.9

      1644.6 729.9

      1649.9 729.9

      1645.2 729.9

      1644.6 729.9

      1646.4 729.9

      1645.4 729.9

      1649.9 729.9

      1645.3 729.9

      1644.6 729.9

      1644.6 729.9

      1644.5 729.9

      1651.2 729.9

      1646.8 729.9

      1648.4 729.9

      1647.7 729.9

      1647.9 729.9

      1651.6 729.9

      1644.5 729.9

      1647.7 729.9

      1649.4 729.9

      1649.4 729.9

      1654.5 729.9

      1645.7 729.9

      1649.5 729.9

      1650.3 729.9

      1649.8 729.9

      1653.4 729.9

      1644.4 730.0

      1647.7 730.0

      1648.0 730.0

      1648.3 730.0

      1650.2 730.0

      1644.1 730.0

      1646.3 730.0

      1647.9 730.0

      1648.4 730.0

      1649.0 730.0

      1644.1 730.0

      1646.0 730.0

      1647.9 730.0

      1648.5 730.0

      1648.3 730.0

      1644.2 730.0

      1645.9 730.0

      1648.1 730.0

      1648.6 730.0

      1648.5 730.0

      1644.2 730.0

      1645.9 730.0

      1647.9 730.0

      1647.9 730.0

      1648.6 730.0

      1644.1 730.0

      1646.0 730.0

      1646.8 730.0

      1648.4 730.0

      1648.9 730.0

      1644.2 730.0

      1646.0 730.0

      1646.8 730.0

      1647.9 730.0

      1648.8 730.0

      1644.3 730.0

      1645.0 730.0

      1646.7 730.0

      1648.7 730.0

      1647.3 730.0

      1647.6 730.0

      1644.4 730.0

      1646.8 730.0

      1648.5 730.0

      1647.3 730.0

      1645.1 730.0

      1644.4 730.0

      1647.8 730.0

      1650.8 730.0

      1649.3 730.0

      1647.1 730.0

      1646.5 730.0

      1650.0 730.0

      1651.8 730.0

      1647.7 730.0

      1647.5 730.0

      1646.6 730.0

      1649.5 730.0

      1649.2 730.0

      1645.6 730.0

      1643.6 730.0

      1643.0 730.0

      1646.3 730.0

      1649.9 730.0

      1645.5 730.0

      1644.2 730.0

      1642.9 730.0

      1649.5 730.0

      1646.2 730.0

      1645.5 730.0

      1644.7 730.0

      1644.6 730.0

      1651.6 730.0

      1652.4 730.0

      1649.1 730.0

      1647.8 730.0

      1647.8 730.0

      1655.3 730.0

      1656.1 730.0

      1649.0 730.0

      1644.8 730.0

      1646.0 730.0

      1654.5 730.0

      1656.9 730.0

      1649.2 730.0

      1647.7 730.0

      1649.8 730.0

      1653.0 730.0

      1654.7 730.0

      1649.4 730.0

      1648.1 730.0

      1648.4 730.0

      1656.4 730.0

      1653.5 730.0

      1649.5 730.0

      1648.0 730.0

      1649.6 730.0

      1655.4 730.0

      1655.8 730.0

      1649.5 730.0

      1648.6 730.0

      1648.5 730.0

      1655.4 730.0

      1656.4 730.0

      1649.5 730.0

      1647.7 730.0

      1648.0 730.0

      1655.4 730.0

      1656.0 730.0

      1649.6 730.3

      1647.2 730.3

      1647.6 730.3

      1651.4 730.3

      1653.2 730.3

      1650.3 730.3

      1647.7 730.3

      1652.6 730.3

      1654.2 730.3

      1656.6 730.3

      1649.6 730.3

      1649.3 730.3

      1646.9 730.3

      1648.0 730.3

      1648.5 730.3

      1649.5 730.3

      1649.9 730.3

      1649.3 730.3

      1652.1 730.3

      1649.6 730.3

      1651.0 730.3

      1648.1 730.3

      1648.0 730.3

      1649.5 730.3

      1649.5 730.3

      1650.8 730.3

