0:00.10 0.3 225260 6032 3052 52.9 1623.5 732.2
0:00.76 1.3 244004 24776 3052 47.1 1585.4 732.2
0:01.43 2.3 262880 43520 3052 43.8 1548.7 732.2
0:02.12 3.4 282416 63056 3052 52.9 1512.6 732.2
0:02.80 4.4 301556 82324 3052 52.9 1475.9 732.2
0:03.47 5.4 320300 101068 3052 44.4 1437.4 732.2
0:04.14 6.4 339308 120076 3052 47.1 1399.6 732.2

      1393.1 732.2

      1393.4 732.2

      1390.4 732.2

      1382.1 732.2

      1379.2 732.2

      1379.8 732.2

0:04.82 7.4 358052 138820 3052 41.2 1363.4 732.2

      1355.1 732.2

      1354.7 732.2

      1353.1 732.2

      1346.5 732.2

      1343.9 732.2

      1346.5 732.2

0:05.51 8.4 377192 157828 3052 47.1 1326.0 732.2

      1318.8 732.2

      1318.0 732.2

      1316.5 732.2

      1308.5 732.2

      1307.3 732.2

      1305.8 732.2

0:06.19 9.5 396596 177364 3052 50.0 1288.1 732.2

      1280.5 732.2

      1281.8 732.2

      1280.9 732.2

      1272.4 732.2

      1269.3 732.2

      1271.4 732.2

0:06.87 10.5 415208 195844 3052 47.4 1251.3 732.2

      1243.6 732.2

      1243.0 732.2

      1244.5 732.2

      1234.5 732.2

      1232.1 732.2

      1231.8 732.2

0:07.55 11.5 434612 215380 3052 50.0 1212.7 732.2

      1206.7 732.2

      1206.1 732.2

      1205.2 732.2

      1197.0 732.2

      1195.0 732.2

      1196.7 732.2

0:08.23 12.5 452300 233068 3052 55.6 1177.8 732.2

      1171.8 732.2

      1171.8 732.2

      1169.0 732.2

      1160.8 732.2

      1160.3 732.2

      1159.7 732.2

0:08.89 13.4 471044 251548 3052 47.1 1142.2 732.2

      1135.5 732.2

      1135.8 732.2

      1131.3 732.2

      1124.7 732.2

      1122.6 732.2

      1123.2 732.2

0:09.57 14.5 490052 270820 3052 52.9 1105.7 732.2

      1097.9 732.2

      1099.1 732.2

      1094.4 732.2

      1089.5 732.2

      1084.4 732.2

      1084.0 732.2

0:10.24 15.5 508796 289564 3052 50.0 1067.1 732.2

      1061.3 732.2

      1060.2 732.2

      1057.0 732.2

      1051.6 732.2

      1049.4 732.2

      1046.0 732.2

0:10.92 16.5 527936 308572 3052 52.9 1029.8 732.2

      1023.2 732.2

      1022.6 732.2

      1017.9 732.2

      1013.4 732.2

      1014.8 732.2

      1008.7 732.2

0:11.61 17.5 547340 328108 3052 56.2 993.0 732.2

      984.9 732.2

      985.4 732.2

      981.8 732.2

      974.6 732.2

      974.0 732.2

      972.9 732.2

0:12.27 18.6 566480 347116 3052 43.8 956.8 732.2

      949.5 732.2

      950.2 732.2

      946.1 732.2

      938.2 732.2

      936.9 732.2

      939.3 732.2

0:12.95 19.5 584960 365596 3052 50.0 919.8 732.2

      911.8 732.2

      912.4 732.2

      909.5 732.2

      900.4 732.2

      899.4 732.2

      902.1 732.2

0:13.61 20.5 603572 384340 3052 50.0 884.2 732.2

      874.0 732.2

      874.5 732.2

      870.9 732.2

      861.0 732.2

      861.6 732.2

      864.1 732.2

0:14.27 21.5 622316 403084 3052 56.2 848.8 732.2

      835.9 732.2

      836.5 732.2

      837.1 732.2

      823.7 732.2

      826.4 732.2

      824.9 732.2

0:14.95 22.6 641588 422356 3052 41.2 812.8 732.2

      799.1 732.2

      798.5 732.2

      798.3 732.2

      788.7 732.2

      785.4 732.2

      785.6 732.2

0:15.64 23.6 661124 441892 3052 47.1 775.3 732.2

      760.7 732.2

      760.4 732.2

      761.1 732.2

      748.8 732.2

      751.1 732.2

      750.0 732.2

0:16.34 24.6 680132 460900 3052 60.0 737.3 732.2

      721.8 732.2

      721.4 732.2

      722.0 732.2

      710.2 732.2

      712.3 732.2

      712.2 732.2

0:17.01 25.6 699008 479644 3052 44.4 700.4 732.2

      684.1 732.2

      684.2 732.2

      683.0 732.2

      673.0 732.2

      673.9 732.2

      672.8 732.2

0:17.68 26.6 717884 498388 3052 50.0 663.6 732.2

      646.7 732.2

      647.8 732.2

      647.2 732.2

      635.9 732.2

      636.6 732.2

      636.1 732.2

0:18.36 27.7 737024 517660 3052 50.0 625.9 732.2

      608.8 732.2

      608.9 732.2

      610.8 732.2

      598.4 732.2

      597.4 732.2

      596.9 732.2

0:19.03 28.7 756032 536668 3052 38.9 589.8 732.2

      571.5 732.2

      570.2 732.2

      573.2 732.2

      560.8 732.2

      560.8 732.2

      560.9 732.2

0:19.68 29.7 774380 554884 3052 37.5 553.4 732.2

      534.9 732.2

      533.0 732.2

      535.9 732.2

      523.5 732.2

      524.2 732.2

      522.5 732.2

0:20.35 30.6 792728 573364 3052 31.2 516.8 732.2

      499.4 732.2

      495.1 732.2

      498.1 732.2

      485.7 732.2

      486.0 732.2

      488.0 732.2

0:21.02 31.7 811736 592372 3052 40.0 480.0 732.2

      464.5 732.2

      458.0 732.2

      458.9 732.2

      448.1 732.2

      448.4 732.2

      449.3 732.2

0:21.70 32.7 830612 611380 3052 38.9 442.8 732.2

      427.7 732.2

      421.6 732.2

      419.9 732.2

      410.5 732.2

      410.8 732.2

      411.3 732.2

0:22.39 33.7 849752 630388 3052 47.1 406.0 732.2

      389.3 732.2

      388.0 732.2

      385.1 732.2

      373.3 732.2

      372.0 732.2

      372.5 732.2

0:23.07 34.7 868100 648868 3052 40.0 368.7 732.2

      352.3 732.2

      351.9 732.2

      345.4 732.2

      338.0 732.2

      334.8 732.2

      335.4 732.2

0:23.74 35.7 887504 668140 3052 35.0 331.4 732.2

      316.9 732.2

      314.5 732.2

      309.4 732.2

      302.9 732.2

      296.3 732.2

      296.9 732.2

0:24.44 36.7 906644 687148 3052 35.0 294.0 732.2

      281.5 732.2

      279.0 732.2

      273.6 732.2

      269.7 732.2

      260.2 732.2

      259.5 732.2

0:25.13 37.7 925388 706156 3052 37.5 255.6 732.2

      244.1 732.2

      242.9 732.2

      238.5 732.2

      229.0 732.2

      220.9 732.2

      221.5 732.2

0:25.83 38.8 945188 725956 3052 42.1 216.3 732.2

      206.6 732.2

      204.9 732.2

      200.4 732.2

      192.4 732.2

      185.3 732.2

      185.8 732.2

0:26.51 39.8 963668 744436 3052 35.3 180.5 732.2

      175.4 732.2

      168.0 732.2

      162.1 732.2

      153.5 732.2

      147.9 732.2

      148.3 732.2

0:27.18 40.8 982676 763444 3052 31.2 143.6 732.2

      137.9 732.2

      133.1 732.2

      124.7 732.2

      116.2 732.2

      115.0 732.2

      112.4 732.2

0:27.85 41.8 1001420 782188 3052 33.3 107.9 732.2

      101.4 732.2

      92.3 732.2

      87.5 732.2

      77.4 732.2

      77.9 732.2

      78.9 732.2

0:28.50 42.7 1018976 799612 3052 36.8 74.5 732.2

      66.4 732.2

      58.2 732.2

      53.7 731.2

      76.4 731.0

      73.2 731.0

      74.1 731.0

0:29.15 43.7 1036796 817300 3052 35.3 73.0 731.0

      65.3 728.2

      75.1 713.9

      75.3 699.0

      83.6 699.0

      81.4 699.0

      78.8 699.0

0:29.81 44.2 1054220 826204 2884 40.0 76.6 699.0

      74.1 699.0

      72.9 672.7

      71.3 670.0

      76.4 670.0

      71.7 670.0

      74.6 670.0

0:30.47 44.4 1073228 830380 2884 31.6 66.5 670.0

      68.5 659.0

      65.8 635.7

      66.7 623.2

      78.1 623.2

      71.0 623.2

0:31.23 44.2 1094876 827752 2884 43.8 70.0 623.2

      69.4 623.2

      65.5 623.2

      74.8 602.6

      68.7 583.0

      80.1 583.0

      73.5 583.0

      73.0 583.0

0:31.96 44.2 1115204 827292 2884 40.0 74.0 583.0

      69.7 583.0

      65.0 583.0

      60.6 561.0

      60.2 560.7

      57.8 560.7

      57.2 560.7

0:32.70 44.7 1136324 837080 2884 50.0 55.5 560.7

      56.8 560.7

      52.0 523.5

      67.2 501.5

      73.5 501.5

      81.1 501.5

      81.7 501.5

0:33.62 44.5 1162460 833040 2884 22.2 82.3 501.5

      78.8 501.5

      75.6 501.7

      74.4 482.6

      63.8 482.6

      66.5 470.7

      67.1 470.7

0:34.30 45.0 1181468 842140 2884 33.3 79.4 470.7

      78.5 470.7

      74.8 470.7

      76.6 437.7

      75.2 437.7

      70.1 437.7

      69.6 437.7

0:34.96 44.7 1199552 837204 2884 23.5 70.0 437.7

      69.4 437.7

      69.3 437.7

      80.5 405.2

      73.6 405.2

      70.9 405.2

      71.5 405.2

      70.4 405.2

0:35.64 44.8 1217900 838696 2884 29.4 70.9 405.2

      71.2 405.2

      65.2 363.2

      70.2 363.2

      74.9 363.2

      75.5 363.2

0:36.31 44.7 1236644 836236 2884 23.5 72.7 363.2

      73.2 363.2

      76.7 363.2

      57.1 350.8

      52.5 331.5

      52.5 331.5

0:37.01 45.4 1256972 850172 2884 35.3 58.1 331.5

      55.4 331.5

      55.5 331.5

      57.6 317.7

      50.9 301.0

      75.6 265.2

0:37.41 44.7 1267796 835520 2884 0.0 100.0 265.2

      102.3 265.2

      91.6 265.2

      80.8 265.2

      74.1 265.2

      69.2 250.1

      73.8 241.5

      73.2 239.7

0:38.06 44.3 1286672 829592 2884 33.3 75.2 239.7

      78.4 239.7

      67.3 225.5

      77.1 225.5

      73.8 213.8

      71.2 205.9

      74.7 205.9

0:38.74 44.3 1306208 829628 2884 35.3 76.0 205.9

      72.0 205.9

      65.5 190.1

      74.1 190.1

      70.9 175.6

      68.0 175.6

      67.8 160.9

0:39.44 44.4 1326140 829960 2884 31.6 67.9 160.9

      81.2 160.9

      73.5 160.9

      68.3 160.9

      64.9 143.5

      79.8 128.5

      77.7 128.5

0:40.11 44.4 1345280 830528 2884 33.3 75.0 128.5

      72.9 128.5

      68.5 128.5

      62.2 109.5

      79.2 109.5

      72.4 96.2

      74.9 96.2

0:40.77 44.6 1364288 833748 2884 33.3 70.8 96.2

      70.5 96.2

      63.0 81.0

      75.1 81.0

      72.1 81.0

      74.2 57.7

      71.5 57.7

0:41.45 44.3 1383560 829512 2884 33.3 70.9 57.7

      73.0 57.7

      66.5 46.6

      73.8 46.6

      70.6 46.6

      69.8 0.1

      71.4 0.1

0:42.16 44.5 1403888 831688 2884 37.5 92.3 0.1

      99.1 0.1

      86.4 0.1

      83.5 0.1

      79.6 0.1

      51.1 0.0

      52.3 0.0

      51.0 0.0

0:42.88 44.7 1424480 836212 1768 33.3 51.0 0.0

      51.0 358.7

      50.9 358.7

      51.1 358.7

      842.4 359.2

      841.8 359.2

      832.0 359.2

      829.0 359.2

      813.7 359.2

      812.2 359.2

      811.7 359.2

      806.3 359.2

      807.8 359.2

      796.6 359.2

      795.0 359.2

      776.9 359.2

      776.9 359.2

      778.2 359.2

      770.2 359.2

      771.1 359.2

      760.4 359.2

      762.3 359.2

      740.9 359.2

      741.1 359.2

      740.5 359.2

      734.4 359.2

      733.9 359.2

      724.9 359.2

      726.7 359.2

      705.1 359.2

      705.4 359.2

      706.0 359.2

      698.2 359.2

      697.6 359.2

      690.1 359.2

      690.7 359.2

      671.1 359.2

      670.5 359.2

      670.2 359.2

      660.6 359.2

      661.2 359.2

      654.0 359.2

      655.2 359.2

      636.5 359.2

      634.5 359.2

      634.6 359.2

      626.5 359.2

      626.3 359.2

      617.9 359.2

      619.7 359.2

      601.6 359.2

      599.8 359.2

      599.8 359.2

      592.2 359.2

      590.7 359.2

      581.6 359.2

      582.6 359.2

      566.0 359.2

      564.7 359.2

      564.4 359.2

      554.2 359.2

      554.8 359.2

      544.7 359.2

      545.3 359.2

      532.1 359.2

      529.8 359.2

      528.9 359.2

      518.7 359.2

      518.1 359.2

      509.6 359.2

      509.1 359.2

      497.4 359.2

      497.5 359.2

      494.1 359.2

      485.0 359.2

      484.4 359.2

      473.7 359.2

      474.2 359.2

      461.1 359.2

      465.5 359.2

      459.8 359.2

      450.8 359.2

      450.2 359.2

      438.3 359.2

      438.3 359.2

      426.2 359.4

      425.5 359.4

      429.1 359.4

      416.7 359.9

      417.6 359.9

      405.1 359.9

      404.4 359.9

      389.8 359.9

      390.3 359.9

      392.2 359.9

      380.7 359.9

      381.6 359.9

      370.5 359.9

      371.7 359.9

      353.7 359.9

      356.3 359.9

      355.7 359.9

      344.5 359.9

      343.9 359.9

      335.1 359.9

      334.5 359.9

      319.0 359.9

      317.7 359.9

      317.2 359.9

      308.0 359.9

      307.3 359.9

      299.8 359.9

      299.8 359.9

      282.8 359.9

      281.6 359.9

      281.4 359.9

      271.3 359.9

      271.9 359.9

      265.1 359.9

      264.5 359.9

      246.7 360.2

      246.5 360.2

      246.0 360.2

      228.3 360.2

      227.7 360.2

      223.3 360.2

      221.2 360.2

      206.2 360.2

      204.0 360.2

      204.7 360.2

      192.7 360.2

      192.1 360.2

      187.7 360.2

      185.0 360.2

      170.8 360.2

      170.7 360.2

      169.1 360.2

      157.0 360.2

      156.3 360.2

      154.6 360.2

      149.2 360.2

      134.2 360.2

      135.3 360.2

      134.9 360.2

      121.6 360.2

      120.7 360.2

      117.3 360.2

      111.7 360.2

      100.2 360.2

      100.1 360.2

      99.1 360.2

      84.8 360.2

      86.4 360.2

      79.7 360.2

      75.2 360.2

      64.8 360.2

      65.4 360.2

      66.5 360.2

      71.4 352.8

      65.4 352.8

      65.6 342.7

      75.9 342.7

      65.1 342.7

      65.8 342.7

      68.4 342.7

      74.7 324.0

      68.0 324.0

      70.4 312.3

      70.4 309.6

      70.3 309.6

      71.0 309.6

      70.7 309.6

      74.2 290.3

      69.0 275.7

      69.5 275.7

      65.4 273.5

      70.5 273.5

      71.1 273.5

      70.6 273.5

      73.2 253.3

      73.2 242.1

      73.7 242.1

      76.8 242.1

      70.8 242.1

      71.4 242.1

      69.7 242.1

      79.9 223.9

      66.0 208.0

      66.6 208.0

      73.1 208.0

      72.1 208.0

      71.6 208.0

      72.9 208.0

      74.3 183.4

      74.5 169.2

      72.7 169.2

      77.1 169.2

      74.5 169.2

      72.8 169.2

      73.4 169.2

      66.3 153.1

      72.1 129.7

      73.6 129.7

      66.2 129.7

      79.5 129.7

      78.8 129.7

      78.3 129.7

      67.1 119.7

      99.1 94.0

      99.5 94.0

      84.7 94.0

      84.8 94.0

      83.9 94.0

      84.5 94.0

      72.1 94.0

      75.4 70.1

      75.8 72.0

      75.5 64.0

      77.3 64.0

      80.9 64.0

      80.3 64.0

      69.3 64.0

      77.1 44.6

      76.6 44.6

      67.7 44.6

      64.8 30.7

      65.3 30.7

      65.9 30.7

      70.6 30.7

      70.8 10.2

      72.3 10.2

      76.6 3.2

      70.6 3.2

      73.0 3.2

      74.7 3.2

      66.0 0.0

      1659.6 729.8

      1660.5 729.8

      1658.7 729.8

      1663.1 729.8

      1652.2 729.8

      1652.7 729.8

      1652.3 729.8

      1652.3 729.8

      1653.8 729.8

      1652.8 729.8

      1655.4 729.8

      1652.1 729.8

      1652.9 729.8

      1654.1 729.8

      1651.3 729.8

      1651.2 729.8

      1651.4 729.8

      1653.0 729.8

      1654.2 729.8

      1653.6 729.8

      1658.5 729.8

      1653.4 729.8

      1656.7 729.8

      1655.4 729.8

      1655.0 729.8

      1651.4 729.8

      1651.2 729.8

      1652.7 729.8

      1652.7 729.8

      1653.9 729.8

      1652.7 729.8

      1653.6 729.8

      1657.2 729.8

      1657.9 729.8

      1652.0 729.8

      1650.9 729.8

      1651.5 729.8

      1651.1 729.8

      1650.8 729.8

      1652.4 729.8

      1650.8 729.8

      1654.0 729.8

      1654.6 729.8

      1655.1 729.8

      1650.8 729.8

      1651.0 729.8

      1651.6 729.8

      1650.8 729.8

      1650.8 729.8

